ID_CUENTA|ID_CLIENTE|SALDO|TIPO_CUENTA
100001|1|4016.08|Corriente
100002|2|1082.87|Ahorros
100003|2|8320.76|Ahorros
100004|2|2467.75|Ahorros
100005|3|3344.91|Ahorros
100006|3|5194.32|Ahorros
100007|4|5789.52|Ahorros
100008|4|7205.65|Ahorros
100009|4|7109.15|Ahorros
100010|5|1670.22|Ahorros
100011|5|3467.34|Ahorros
100012|6|7429.68|Corriente
100013|6|7010.63|Corriente
100014|6|3554.32|Corriente
100015|7|2685.14|Ahorros
100016|7|3039.28|Ahorros
100017|8|7992.85|Ahorros
100018|9|6899.17|Corriente
100019|9|8737.63|Ahorros
100020|10|4910.59|Corriente
100021|10|7831.25|Ahorros
100022|10|1724.60|Ahorros
100023|11|8078.49|Corriente
100024|11|4598.61|Corriente
100025|12|6202.60|Ahorros
100026|12|6135.97|Ahorros
100027|12|9165.26|Ahorros
100028|13|1553.57|Corriente
100029|13|7828.37|Corriente
100030|13|3940.66|Ahorros
100031|14|3221.92|Corriente
100032|15|1916.65|Corriente
100033|15|2521.40|Ahorros
100034|15|7455.86|Corriente
100035|16|5943.34|Corriente
100036|16|94.14|Ahorros
100037|16|455.70|Ahorros
100038|17|3270.64|Corriente
100039|17|1676.43|Ahorros
100040|17|1284.00|Corriente
100041|18|4561.67|Corriente
100042|18|4461.25|Corriente
100043|18|1296.89|Ahorros
100044|19|7712.14|Ahorros
100045|19|4672.95|Ahorros
100046|19|8442.09|Corriente
100047|20|3818.40|Corriente
100048|20|1052.23|Ahorros
100049|21|6167.78|Ahorros
100050|21|7020.32|Ahorros
100051|22|1764.82|Corriente
100052|22|4256.35|Ahorros
100053|23|2094.89|Ahorros
100054|24|1849.34|Ahorros
100055|24|7326.30|Corriente
100056|25|4539.25|Ahorros
100057|26|9848.80|Corriente
100058|26|4701.15|Corriente
100059|26|5955.86|Ahorros
100060|27|2067.30|Ahorros
100061|27|9371.81|Ahorros
100062|27|9830.28|Ahorros
100063|28|4497.23|Corriente
100064|28|7618.31|Corriente
100065|29|9619.04|Corriente
100066|29|384.02|Ahorros
100067|30|9573.75|Corriente
100068|30|2989.00|Corriente
100069|31|2431.69|Corriente
100070|32|7898.32|Ahorros
100071|33|3462.19|Corriente
100072|33|2173.98|Ahorros
100073|33|9091.95|Ahorros
100074|34|9420.35|Ahorros
100075|34|4350.97|Ahorros
100076|34|1318.06|Corriente
100077|35|237.82|Ahorros
100078|35|1332.62|Ahorros
100079|36|4115.95|Ahorros
100080|37|1991.95|Corriente
100081|38|2369.34|Ahorros
100082|38|1819.49|Corriente
100083|38|663.88|Ahorros
100084|39|7193.56|Ahorros
100085|40|4207.85|Ahorros
100086|40|1139.29|Ahorros
100087|40|7312.77|Corriente
100088|41|5939.64|Ahorros
100089|41|9543.15|Corriente
100090|41|4809.26|Corriente
100091|42|3981.82|Ahorros
100092|43|9040.87|Ahorros
100093|43|7728.12|Corriente
100094|43|6575.56|Corriente
100095|44|2985.56|Corriente
100096|44|4998.48|Corriente
100097|45|6093.41|Ahorros
100098|45|7536.67|Ahorros
100099|46|2239.79|Corriente
100100|46|4461.09|Ahorros
100101|46|1045.60|Ahorros
100102|47|2826.23|Ahorros
100103|47|3916.90|Ahorros
100104|47|9321.10|Ahorros
100105|48|1056.54|Ahorros
100106|48|7639.01|Corriente
100107|49|8962.11|Corriente
100108|49|7121.34|Ahorros
100109|50|7356.06|Corriente
100110|50|8700.43|Ahorros
100111|51|6186.46|Ahorros
100112|51|6596.28|Corriente
100113|51|9042.30|Corriente
100114|52|2847.84|Ahorros
100115|52|7390.73|Corriente
100116|53|2239.38|Ahorros
100117|53|5686.39|Ahorros
100118|53|2804.77|Ahorros
100119|54|751.37|Ahorros
100120|55|7036.88|Corriente
100121|56|3071.98|Corriente
100122|56|8655.79|Ahorros
100123|57|7843.18|Corriente
100124|58|156.33|Corriente
100125|59|9217.72|Corriente
100126|60|1777.35|Corriente
100127|61|3766.68|Ahorros
100128|61|1157.17|Corriente
100129|61|4734.50|Corriente
100130|62|4555.37|Corriente
100131|62|8595.05|Corriente
100132|63|1810.50|Corriente
100133|63|4527.12|Corriente
100134|63|1285.58|Corriente
100135|64|9252.10|Corriente
100136|65|5034.80|Ahorros
100137|66|2464.51|Corriente
100138|67|9872.04|Corriente
100139|68|2074.13|Corriente
100140|69|7148.72|Ahorros
100141|69|4166.99|Corriente
100142|70|3109.00|Ahorros
100143|70|3399.31|Ahorros
100144|70|3603.12|Ahorros
100145|71|7719.65|Corriente
100146|71|6108.64|Ahorros
100147|72|2828.02|Corriente
100148|73|2504.72|Corriente
100149|73|2085.31|Ahorros
100150|73|3667.35|Ahorros
100151|74|6001.11|Corriente
100152|74|3150.98|Ahorros
100153|74|5380.61|Ahorros
100154|75|3246.75|Corriente
100155|76|2508.65|Corriente
100156|76|3292.27|Corriente
100157|77|1648.05|Ahorros
100158|77|5265.09|Corriente
100159|78|5238.70|Ahorros
100160|78|5979.38|Ahorros
100161|79|5176.36|Ahorros
100162|79|5769.31|Ahorros
100163|79|5646.71|Ahorros
100164|80|8311.78|Corriente
100165|81|6202.65|Corriente
100166|82|1481.90|Corriente
100167|82|7665.94|Corriente
100168|83|2675.15|Ahorros
100169|83|2384.50|Ahorros
100170|84|3332.60|Corriente
100171|84|4189.17|Corriente
100172|85|7669.32|Ahorros
100173|85|6644.71|Ahorros
100174|86|256.15|Corriente
100175|86|2069.62|Corriente
100176|86|6810.93|Corriente
100177|87|8240.42|Corriente
100178|87|9321.93|Ahorros
100179|88|66.94|Corriente
100180|88|8372.54|Corriente
100181|89|9151.91|Corriente
100182|89|7123.69|Corriente
100183|90|1385.16|Corriente
100184|91|2027.54|Ahorros
100185|91|3886.20|Ahorros
100186|92|4183.99|Corriente
100187|93|2190.37|Corriente
100188|94|9124.48|Ahorros
100189|94|1044.47|Corriente
100190|94|91.63|Corriente
100191|95|8692.20|Corriente
100192|96|6734.09|Ahorros
100193|97|7858.99|Corriente
100194|98|4922.42|Corriente
100195|98|2128.46|Corriente
100196|99|4929.38|Ahorros
100197|99|6293.21|Corriente
100198|100|3945.91|Ahorros
100199|100|5483.10|Ahorros
100200|101|1412.26|Ahorros
100201|102|1665.37|Ahorros
100202|102|254.87|Corriente
100203|102|2291.82|Ahorros
100204|103|4359.71|Ahorros
100205|103|6331.14|Ahorros
100206|103|1962.98|Ahorros
100207|104|9101.22|Corriente
100208|104|2956.05|Corriente
100209|104|4969.75|Corriente
100210|105|8854.79|Ahorros
100211|105|9299.92|Corriente
100212|106|9824.07|Ahorros
100213|106|8824.32|Ahorros
100214|107|3984.70|Corriente
100215|107|7869.32|Ahorros
100216|108|493.38|Ahorros
100217|108|6126.20|Ahorros
100218|109|9789.68|Corriente
100219|110|6038.17|Ahorros
100220|110|5546.88|Corriente
100221|110|3173.19|Corriente
100222|111|3287.28|Corriente
100223|111|1058.66|Corriente
100224|111|7307.73|Ahorros
100225|112|7262.59|Corriente
100226|112|3276.37|Ahorros
100227|112|2239.78|Corriente
100228|113|2930.53|Corriente
100229|113|8452.52|Corriente
100230|113|9833.45|Ahorros
100231|114|7146.31|Corriente
100232|114|9473.83|Ahorros
100233|114|2006.74|Corriente
100234|115|8699.94|Corriente
100235|116|2070.41|Corriente
100236|116|6876.07|Ahorros
100237|116|9521.21|Ahorros
100238|117|9974.43|Ahorros
100239|117|4201.54|Corriente
100240|117|4250.10|Corriente
100241|118|5619.06|Corriente
100242|119|1601.75|Ahorros
100243|120|587.28|Ahorros
100244|120|1364.02|Ahorros
100245|120|4538.02|Corriente
100246|121|5138.74|Corriente
100247|122|6795.83|Ahorros
100248|122|1251.82|Corriente
100249|123|4532.06|Corriente
100250|123|2457.42|Ahorros
100251|123|8114.77|Ahorros
100252|124|4308.41|Ahorros
100253|124|4037.56|Corriente
100254|124|9262.60|Corriente
100255|125|6339.40|Ahorros
100256|125|9182.98|Ahorros
100257|125|1201.08|Corriente
100258|126|8015.05|Ahorros
100259|127|7005.93|Corriente
100260|128|1297.94|Ahorros
100261|128|2013.18|Corriente
100262|128|2064.02|Ahorros
100263|129|9009.23|Corriente
100264|130|9745.94|Corriente
100265|130|1402.78|Corriente
100266|131|4112.42|Ahorros
100267|131|1878.97|Corriente
100268|131|1020.75|Ahorros
100269|132|2108.94|Ahorros
100270|133|4416.40|Ahorros
100271|134|6142.90|Corriente
100272|135|846.08|Corriente
100273|135|1985.86|Ahorros
100274|135|5152.97|Corriente
100275|136|8049.96|Corriente
100276|137|3318.38|Ahorros
100277|137|3018.20|Ahorros
100278|137|2034.18|Ahorros
100279|138|836.74|Corriente
100280|139|6598.35|Ahorros
100281|139|4619.44|Corriente
100282|139|7378.99|Ahorros
100283|140|2305.59|Corriente
100284|141|9788.42|Ahorros
100285|142|2050.35|Corriente
100286|142|9084.50|Corriente
100287|142|3840.47|Ahorros
100288|143|93.02|Ahorros
100289|143|2414.87|Ahorros
100290|143|4929.31|Ahorros
100291|144|9833.10|Corriente
100292|144|8758.80|Ahorros
100293|144|3059.75|Ahorros
100294|145|9520.90|Ahorros
100295|145|4483.26|Corriente
100296|146|856.12|Corriente
100297|146|8393.07|Corriente
100298|146|8697.92|Ahorros
100299|147|5264.56|Ahorros
100300|147|8530.55|Corriente
100301|147|5875.04|Ahorros
100302|148|1042.87|Corriente
100303|149|8061.63|Corriente
100304|150|2785.64|Ahorros
100305|150|145.77|Ahorros
100306|151|1652.31|Ahorros
100307|152|280.61|Corriente
100308|152|3974.79|Corriente
100309|153|7627.07|Corriente
100310|154|966.44|Ahorros
100311|154|5145.92|Ahorros
100312|154|1422.97|Ahorros
100313|155|7390.56|Ahorros
100314|155|7930.57|Corriente
100315|156|8126.03|Corriente
100316|156|2719.96|Ahorros
100317|156|4542.03|Ahorros
100318|157|3570.33|Corriente
100319|158|375.71|Ahorros
100320|159|3200.34|Ahorros
100321|159|5318.87|Corriente
100322|160|2713.60|Corriente
100323|161|4282.17|Ahorros
100324|162|6860.02|Corriente
100325|162|3860.97|Corriente
100326|162|8230.10|Corriente
100327|163|5203.24|Corriente
100328|163|1860.01|Corriente
100329|163|1458.59|Ahorros
100330|164|6032.23|Corriente
100331|164|2035.97|Ahorros
100332|164|6225.09|Ahorros
100333|165|5560.57|Corriente
100334|165|7638.93|Corriente
100335|166|6444.77|Corriente
100336|166|989.39|Ahorros
100337|167|7453.70|Ahorros
100338|168|6176.76|Corriente
100339|168|6241.25|Corriente
100340|169|7827.49|Ahorros
100341|169|7739.39|Corriente
100342|170|5931.77|Ahorros
100343|170|5120.97|Corriente
100344|171|1051.55|Ahorros
100345|172|8374.62|Ahorros
100346|173|8634.31|Corriente
100347|174|1859.82|Corriente
100348|175|6355.54|Corriente
100349|175|2706.56|Ahorros
100350|176|1621.61|Ahorros
100351|176|1683.54|Corriente
100352|177|6778.75|Ahorros
100353|178|6142.84|Ahorros
100354|178|2151.45|Ahorros
100355|179|3553.69|Ahorros
100356|180|9617.78|Ahorros
100357|180|8819.41|Corriente
100358|180|5281.68|Corriente
100359|181|9201.78|Ahorros
100360|181|8263.30|Corriente
100361|181|527.56|Corriente
100362|182|4040.98|Ahorros
100363|182|1426.20|Ahorros
100364|182|2367.18|Corriente
100365|183|2724.45|Corriente
100366|183|2866.28|Ahorros
100367|183|9905.10|Ahorros
100368|184|1666.92|Corriente
100369|184|7128.14|Ahorros
100370|184|6438.37|Corriente
100371|185|9816.00|Corriente
100372|185|4094.60|Corriente
100373|185|3465.03|Ahorros
100374|186|5341.11|Ahorros
100375|186|6284.59|Corriente
100376|186|8394.29|Ahorros
100377|187|3972.70|Ahorros
100378|188|3373.97|Corriente
100379|188|8846.17|Ahorros
100380|188|1336.89|Corriente
100381|189|4604.40|Corriente
100382|190|7120.62|Corriente
100383|190|3055.15|Ahorros
100384|190|693.47|Ahorros
100385|191|4703.52|Corriente
100386|191|8137.42|Corriente
100387|192|1922.68|Ahorros
100388|193|7258.31|Corriente
100389|193|2015.73|Corriente
100390|194|4661.42|Ahorros
100391|194|3758.05|Corriente
100392|195|3599.83|Corriente
100393|195|9535.08|Ahorros
100394|196|886.19|Corriente
100395|196|7531.00|Ahorros
100396|197|737.23|Corriente
100397|198|7416.71|Corriente
100398|198|2156.56|Corriente
100399|198|8651.94|Corriente
100400|199|1430.56|Ahorros
100401|199|1766.99|Ahorros
100402|200|7278.87|Ahorros
100403|200|3400.50|Corriente
100404|200|8545.78|Corriente
100405|201|6689.94|Corriente
100406|202|2260.86|Corriente
100407|202|1569.21|Corriente
100408|203|4075.43|Ahorros
100409|203|96.88|Corriente
100410|204|1965.79|Ahorros
100411|204|6898.81|Ahorros
100412|205|5510.82|Ahorros
100413|205|5182.14|Ahorros
100414|206|2424.34|Ahorros
100415|206|2159.99|Corriente
100416|207|6030.84|Ahorros
100417|207|1003.59|Corriente
100418|207|4346.37|Corriente
100419|208|6291.27|Ahorros
100420|208|5553.89|Corriente
100421|208|3577.19|Ahorros
100422|209|6012.17|Corriente
100423|209|4666.90|Corriente
100424|210|3630.43|Corriente
100425|210|9251.73|Ahorros
100426|210|3020.73|Ahorros
100427|211|8522.22|Ahorros
100428|211|7537.62|Corriente
100429|212|2577.10|Ahorros
100430|212|7244.86|Ahorros
100431|213|350.59|Corriente
100432|214|6898.14|Ahorros
100433|214|9453.37|Corriente
100434|214|7149.23|Corriente
100435|215|5199.00|Corriente
100436|215|7965.12|Ahorros
100437|216|7155.08|Ahorros
100438|216|8225.66|Corriente
100439|217|3983.93|Corriente
100440|218|1512.35|Corriente
100441|219|9452.13|Ahorros
100442|219|2905.18|Corriente
100443|219|3989.93|Ahorros
100444|220|2383.27|Ahorros
100445|220|6209.50|Corriente
100446|220|3572.04|Corriente
100447|221|261.93|Corriente
100448|221|2192.58|Corriente
100449|221|6519.46|Corriente
100450|222|3049.92|Ahorros
100451|222|7214.41|Corriente
100452|222|174.89|Ahorros
100453|223|8349.46|Corriente
100454|224|9009.71|Corriente
100455|224|5327.58|Corriente
100456|224|2964.21|Ahorros
100457|225|4774.56|Ahorros
100458|225|5888.19|Ahorros
100459|225|5297.59|Ahorros
100460|226|4983.51|Ahorros
100461|226|9741.38|Corriente
100462|226|4201.79|Ahorros
100463|227|276.12|Corriente
100464|228|8984.87|Ahorros
100465|229|7794.91|Ahorros
100466|230|2186.24|Ahorros
100467|230|6692.88|Ahorros
100468|230|5016.50|Ahorros
100469|231|9471.95|Corriente
100470|231|9337.89|Ahorros
100471|232|7512.71|Corriente
100472|233|5585.59|Ahorros
100473|233|908.48|Ahorros
100474|233|9301.19|Ahorros
100475|234|3310.54|Ahorros
100476|235|9149.28|Corriente
100477|235|2812.87|Corriente
100478|235|7592.34|Corriente
100479|236|9775.76|Corriente
100480|236|3274.29|Corriente
100481|237|253.09|Ahorros
100482|238|6668.04|Ahorros
100483|238|9657.69|Corriente
100484|238|9570.29|Ahorros
100485|239|1117.19|Ahorros
100486|240|3220.07|Corriente
100487|240|4590.48|Ahorros
100488|241|3683.68|Ahorros
100489|241|9084.04|Corriente
100490|242|8054.34|Ahorros
100491|242|4093.00|Ahorros
100492|242|4489.21|Corriente
100493|243|3218.50|Corriente
100494|243|4942.75|Ahorros
100495|244|4633.82|Ahorros
100496|245|9049.93|Corriente
100497|245|5231.04|Ahorros
100498|245|9267.21|Ahorros
100499|246|9867.42|Ahorros
100500|246|2624.62|Ahorros
100501|246|5306.21|Ahorros
100502|247|9464.99|Ahorros
100503|247|7411.84|Ahorros
100504|248|158.91|Ahorros
100505|248|1854.67|Ahorros
100506|249|8234.50|Ahorros
100507|249|8947.98|Ahorros
100508|249|4779.66|Corriente
100509|250|608.72|Ahorros
100510|251|8259.00|Ahorros
100511|252|9454.75|Ahorros
100512|253|626.87|Corriente
100513|253|2369.37|Corriente
100514|253|833.64|Ahorros
100515|254|3655.07|Corriente
100516|254|4200.27|Ahorros
100517|255|8938.48|Corriente
100518|256|9956.27|Ahorros
100519|256|1032.69|Ahorros
100520|256|8728.98|Ahorros
100521|257|2849.09|Corriente
100522|257|4792.62|Corriente
100523|258|6633.26|Ahorros
100524|258|1958.19|Ahorros
100525|259|2600.06|Ahorros
100526|260|6169.19|Corriente
100527|261|1591.43|Ahorros
100528|261|215.76|Ahorros
100529|261|2892.77|Corriente
100530|262|3460.01|Corriente
100531|262|2974.52|Corriente
100532|263|5059.53|Ahorros
100533|263|9491.69|Ahorros
100534|264|3810.67|Ahorros
100535|264|5583.80|Corriente
100536|264|430.81|Corriente
100537|265|701.13|Corriente
100538|265|3756.66|Ahorros
100539|265|7789.05|Ahorros
100540|266|7525.41|Ahorros
100541|266|5583.32|Ahorros
100542|267|4157.59|Ahorros
100543|267|5360.88|Corriente
100544|267|9668.01|Corriente
100545|268|3331.43|Corriente
100546|269|881.73|Corriente
100547|269|8782.61|Corriente
100548|270|7674.18|Corriente
100549|270|5610.87|Corriente
100550|271|3161.50|Ahorros
100551|272|2009.12|Corriente
100552|272|6083.75|Corriente
100553|273|7735.17|Corriente
100554|273|8853.53|Corriente
100555|274|7759.24|Corriente
100556|274|6486.84|Corriente
100557|275|8692.33|Corriente
100558|275|5956.09|Corriente
100559|276|2828.32|Corriente
100560|277|8938.12|Corriente
100561|277|5039.02|Ahorros
100562|277|9746.14|Corriente
100563|278|5981.61|Ahorros
100564|278|7584.74|Corriente
100565|278|3394.69|Corriente
100566|279|7975.34|Corriente
100567|280|3464.67|Ahorros
100568|280|2391.88|Corriente
100569|280|1973.25|Corriente
100570|281|2014.97|Corriente
100571|282|8060.27|Ahorros
100572|282|2074.12|Ahorros
100573|283|5240.10|Ahorros
100574|284|8460.92|Corriente
100575|284|7595.67|Ahorros
100576|284|2273.34|Corriente
100577|285|7712.28|Corriente
100578|286|4725.49|Corriente
100579|286|5381.92|Ahorros
100580|286|9956.83|Ahorros
100581|287|7712.41|Ahorros
100582|287|8297.67|Corriente
100583|287|4985.85|Corriente
100584|288|3489.10|Ahorros
100585|288|1495.28|Corriente
100586|289|4108.52|Corriente
100587|289|7598.10|Corriente
100588|289|2342.87|Ahorros
100589|290|9000.09|Ahorros
100590|290|8055.22|Corriente
100591|290|7280.83|Corriente
100592|291|1830.75|Corriente
100593|291|6289.71|Corriente
100594|292|4968.70|Corriente
100595|292|3696.75|Ahorros
100596|293|5271.80|Ahorros
100597|294|9850.57|Ahorros
100598|294|3536.55|Ahorros
100599|295|1558.54|Corriente
100600|295|9548.26|Ahorros
100601|295|1965.57|Ahorros
100602|296|6813.58|Corriente
100603|296|3467.62|Corriente
100604|296|9371.89|Corriente
100605|297|711.79|Corriente
100606|297|2902.48|Ahorros
100607|297|9226.22|Corriente
100608|298|2136.50|Ahorros
100609|298|9577.72|Corriente
100610|298|553.07|Ahorros
100611|299|2223.72|Corriente
100612|300|3903.31|Ahorros
100613|300|8507.49|Corriente
100614|301|2037.29|Corriente
100615|301|6317.93|Ahorros
100616|302|8953.64|Ahorros
100617|302|8324.74|Corriente
100618|303|632.76|Corriente
100619|303|6183.19|Corriente
100620|304|9630.71|Corriente
100621|305|1419.69|Ahorros
100622|306|102.83|Ahorros
100623|306|8861.85|Ahorros
100624|307|4776.44|Corriente
100625|307|4349.38|Ahorros
100626|308|9535.39|Ahorros
100627|308|2934.04|Corriente
100628|308|6950.02|Ahorros
100629|309|7092.83|Corriente
100630|310|9154.44|Ahorros
100631|311|2397.45|Corriente
100632|311|9073.75|Corriente
100633|311|3392.66|Ahorros
100634|312|7698.50|Corriente
100635|313|8477.91|Corriente
100636|314|2985.39|Corriente
100637|315|6403.82|Corriente
100638|315|9121.80|Corriente
100639|315|6307.02|Ahorros
100640|316|6729.57|Corriente
100641|317|5914.12|Ahorros
100642|317|4816.80|Corriente
100643|318|1901.06|Ahorros
100644|319|4738.07|Ahorros
100645|319|6024.25|Ahorros
100646|319|3434.27|Ahorros
100647|320|4353.32|Corriente
100648|320|9215.96|Corriente
100649|321|5053.75|Corriente
100650|321|5243.89|Ahorros
100651|322|1684.49|Corriente
100652|322|3486.16|Ahorros
100653|322|2024.01|Corriente
100654|323|5501.26|Ahorros
100655|324|4316.99|Corriente
100656|324|456.31|Ahorros
100657|324|3229.44|Ahorros
100658|325|2068.50|Ahorros
100659|326|1831.45|Corriente
100660|326|9261.78|Corriente
100661|326|9692.27|Corriente
100662|327|388.46|Ahorros
100663|328|3150.64|Corriente
100664|328|8583.54|Corriente
100665|329|6510.04|Ahorros
100666|330|2793.54|Corriente
100667|330|518.93|Ahorros
100668|330|1617.48|Ahorros
100669|331|2332.47|Corriente
100670|331|3161.25|Corriente
100671|332|4237.29|Corriente
100672|332|2028.69|Ahorros
100673|333|7928.67|Ahorros
100674|333|9221.28|Ahorros
100675|334|3070.21|Corriente
100676|334|7811.94|Corriente
100677|334|5125.20|Ahorros
100678|335|3230.23|Corriente
100679|336|5006.54|Ahorros
100680|336|2369.18|Corriente
100681|336|3458.50|Corriente
100682|337|7286.24|Ahorros
100683|337|1528.58|Ahorros
100684|337|3316.93|Ahorros
100685|338|491.46|Ahorros
100686|338|8916.81|Ahorros
100687|338|4689.56|Ahorros
100688|339|5390.16|Corriente
100689|340|4606.05|Corriente
100690|341|5996.04|Ahorros
100691|342|604.15|Ahorros
100692|342|5859.56|Corriente
100693|343|5088.45|Ahorros
100694|344|7112.63|Corriente
100695|344|2878.83|Corriente
100696|344|7267.57|Corriente
100697|345|87.83|Corriente
100698|345|8994.30|Corriente
100699|346|2703.88|Ahorros
100700|347|4846.14|Ahorros
100701|348|3044.54|Ahorros
100702|349|9478.24|Corriente
100703|349|6074.01|Ahorros
100704|349|6759.18|Corriente
100705|350|270.30|Ahorros
100706|350|7811.91|Ahorros
100707|351|9094.06|Corriente
100708|351|1432.72|Ahorros
100709|351|9510.32|Corriente
100710|352|492.78|Ahorros
100711|352|877.52|Corriente
100712|352|6213.65|Corriente
100713|353|149.37|Corriente
100714|353|7261.11|Ahorros
100715|354|2374.47|Corriente
100716|354|7052.01|Ahorros
100717|354|3838.39|Ahorros
100718|355|5921.42|Ahorros
100719|355|1607.28|Ahorros
100720|356|6002.93|Ahorros
100721|356|1940.43|Corriente
100722|357|5736.11|Corriente
100723|357|6062.78|Corriente
100724|358|1743.86|Ahorros
100725|358|7963.07|Ahorros
100726|358|569.45|Ahorros
100727|359|225.23|Corriente
100728|359|7136.46|Ahorros
100729|359|5747.64|Corriente
100730|360|5921.71|Corriente
100731|361|7069.55|Corriente
100732|361|4720.58|Corriente
100733|361|2686.03|Corriente
100734|362|3125.45|Ahorros
100735|362|8139.26|Corriente
100736|362|993.78|Corriente
100737|363|4234.31|Ahorros
100738|364|5701.59|Ahorros
100739|365|1846.54|Corriente
100740|365|7808.26|Ahorros
100741|366|9400.28|Ahorros
100742|367|619.82|Corriente
100743|367|2216.00|Ahorros
100744|368|8429.29|Ahorros
100745|368|8087.52|Corriente
100746|368|3733.66|Ahorros
100747|369|9920.95|Ahorros
100748|369|6893.57|Corriente
100749|369|8942.64|Ahorros
100750|370|8990.51|Ahorros
100751|370|2436.46|Corriente
100752|371|7599.98|Corriente
100753|371|4539.59|Ahorros
100754|372|865.95|Corriente
100755|372|5715.80|Ahorros
100756|372|4297.21|Ahorros
100757|373|4994.45|Corriente
100758|374|3777.58|Ahorros
100759|375|2697.22|Ahorros
100760|375|1059.35|Ahorros
100761|376|827.33|Ahorros
100762|376|7645.93|Ahorros
100763|376|8530.95|Corriente
100764|377|6161.21|Corriente
100765|377|4984.44|Ahorros
100766|377|629.06|Ahorros
100767|378|7298.34|Ahorros
100768|378|6479.19|Corriente
100769|379|9842.78|Corriente
100770|380|1586.80|Corriente
100771|380|1653.88|Corriente
100772|380|6721.58|Ahorros
100773|381|8664.34|Corriente
100774|382|4765.95|Ahorros
100775|383|5405.46|Ahorros
100776|384|4273.69|Corriente
100777|384|3342.47|Corriente
100778|384|7884.26|Corriente
100779|385|2171.04|Corriente
100780|385|4857.06|Corriente
100781|385|2802.78|Ahorros
100782|386|901.08|Corriente
100783|386|1091.22|Corriente
100784|386|8442.73|Corriente
100785|387|3457.07|Ahorros
100786|388|3899.82|Corriente
100787|388|975.99|Ahorros
100788|389|3051.23|Ahorros
100789|389|2547.99|Corriente
100790|390|9863.43|Ahorros
100791|391|9004.99|Ahorros
100792|391|1937.54|Corriente
100793|391|4938.53|Corriente
100794|392|6510.86|Ahorros
100795|392|8333.95|Ahorros
100796|392|584.40|Corriente
100797|393|8345.67|Ahorros
100798|393|1810.05|Ahorros
100799|394|583.67|Corriente
100800|394|1921.31|Ahorros
100801|395|1955.70|Ahorros
100802|395|2503.15|Ahorros
100803|396|4367.72|Ahorros
100804|396|5020.90|Corriente
100805|396|1984.66|Corriente
100806|397|9995.85|Corriente
100807|397|9568.70|Ahorros
100808|398|5015.86|Ahorros
100809|398|8715.14|Corriente
100810|399|8468.40|Ahorros
100811|399|9196.24|Corriente
100812|399|6059.51|Ahorros
100813|400|9207.77|Ahorros
100814|400|9701.69|Ahorros
100815|400|6905.25|Ahorros
100816|401|7383.85|Corriente
100817|401|1108.38|Ahorros
100818|402|8041.82|Corriente
100819|403|8792.79|Corriente
100820|403|5012.92|Corriente
100821|404|2631.53|Ahorros
100822|404|6091.72|Corriente
100823|405|3313.88|Ahorros
100824|405|7265.17|Ahorros
100825|406|2376.57|Ahorros
100826|406|8630.91|Corriente
100827|406|9102.12|Corriente
100828|407|7158.81|Ahorros
100829|407|8619.54|Ahorros
100830|408|3126.49|Corriente
100831|408|8397.15|Corriente
100832|409|7449.39|Corriente
100833|409|3196.32|Ahorros
100834|409|4348.71|Corriente
100835|410|1893.08|Ahorros
100836|411|6754.68|Ahorros
100837|412|7243.20|Ahorros
100838|412|3320.29|Ahorros
100839|413|998.42|Corriente
100840|414|5047.29|Corriente
100841|414|5586.91|Corriente
100842|414|5237.62|Ahorros
100843|415|7475.39|Ahorros
100844|415|5330.24|Corriente
100845|416|8583.76|Corriente
100846|416|8503.50|Ahorros
100847|416|8939.94|Ahorros
100848|417|2191.18|Ahorros
100849|417|5586.31|Ahorros
100850|417|4424.94|Corriente
100851|418|5698.59|Ahorros
100852|418|9941.65|Ahorros
100853|419|9632.24|Ahorros
100854|420|9920.54|Ahorros
100855|420|4300.47|Ahorros
100856|421|9759.12|Ahorros
100857|421|6640.28|Corriente
100858|422|9311.55|Corriente
100859|422|7095.18|Ahorros
100860|423|900.12|Corriente
100861|423|6195.49|Corriente
100862|423|6477.88|Ahorros
100863|424|8184.46|Ahorros
100864|424|9247.19|Corriente
100865|424|5754.13|Corriente
100866|425|3126.59|Ahorros
100867|426|1636.74|Corriente
100868|426|3171.33|Ahorros
100869|427|6043.75|Ahorros
100870|427|799.06|Corriente
100871|427|139.66|Ahorros
100872|428|3224.80|Corriente
100873|428|1968.02|Ahorros
100874|429|6166.04|Ahorros
100875|429|5970.54|Corriente
100876|430|8055.84|Corriente
100877|431|3502.08|Ahorros
100878|432|6469.03|Ahorros
100879|432|3296.06|Ahorros
100880|433|734.33|Ahorros
100881|433|7748.50|Ahorros
100882|433|1145.70|Ahorros
100883|434|367.48|Corriente
100884|434|5677.69|Ahorros
100885|434|7125.44|Corriente
100886|435|6546.53|Corriente
100887|435|6862.87|Corriente
100888|435|713.46|Ahorros
100889|436|3621.84|Corriente
100890|436|3903.61|Corriente
100891|436|5404.50|Ahorros
100892|437|1813.24|Corriente
100893|438|7432.31|Corriente
100894|438|5145.29|Ahorros
100895|438|1785.47|Corriente
100896|439|8655.54|Ahorros
100897|439|7073.76|Corriente
100898|440|2338.28|Corriente
100899|440|4979.51|Corriente
100900|440|5906.30|Corriente
100901|441|7633.95|Corriente
100902|442|8666.47|Ahorros
100903|442|3274.32|Corriente
100904|443|7653.97|Corriente
100905|443|7962.35|Corriente
100906|444|5935.04|Corriente
100907|444|1097.81|Corriente
100908|444|921.93|Ahorros
100909|445|3346.26|Ahorros
100910|446|9305.33|Corriente
100911|446|474.71|Ahorros
100912|446|5173.63|Ahorros
100913|447|4524.81|Ahorros
100914|448|7972.68|Ahorros
100915|448|7458.95|Corriente
100916|449|2635.74|Corriente
100917|449|88.38|Ahorros
100918|450|2993.18|Corriente
100919|450|4007.64|Corriente
100920|450|7229.84|Corriente
100921|451|7081.91|Ahorros
100922|451|242.33|Ahorros
100923|452|6745.62|Ahorros
100924|452|4312.79|Corriente
100925|452|3503.56|Corriente
100926|453|7549.29|Corriente
100927|453|636.91|Ahorros
100928|454|3470.19|Ahorros
100929|454|8107.26|Ahorros
100930|455|1091.91|Corriente
100931|455|4940.67|Corriente
100932|455|2090.05|Corriente
100933|456|1794.86|Ahorros
100934|456|1143.43|Corriente
100935|457|6661.32|Corriente
100936|457|2440.30|Corriente
100937|458|6800.11|Ahorros
100938|459|5914.95|Ahorros
100939|459|4515.72|Corriente
100940|460|6775.03|Ahorros
100941|461|8112.08|Ahorros
100942|461|7903.31|Ahorros
100943|462|1623.49|Corriente
100944|463|2637.85|Ahorros
100945|464|1597.04|Ahorros
100946|465|5947.49|Ahorros
100947|466|2829.30|Corriente
100948|467|9780.89|Ahorros
100949|468|2265.52|Ahorros
100950|469|4456.04|Ahorros
100951|469|9390.81|Ahorros
100952|470|1110.18|Ahorros
100953|471|306.68|Ahorros
100954|472|7078.98|Ahorros
100955|472|8458.82|Corriente
100956|473|6958.87|Ahorros
100957|474|5104.88|Ahorros
100958|474|722.05|Ahorros
100959|474|437.14|Corriente
100960|475|4952.83|Corriente
100961|475|1523.20|Corriente
100962|476|8626.75|Ahorros
100963|477|4854.98|Corriente
100964|477|6330.09|Ahorros
100965|477|2699.47|Ahorros
100966|478|4098.70|Ahorros
100967|479|5002.55|Corriente
100968|479|842.41|Corriente
100969|479|9460.62|Corriente
100970|480|9897.36|Ahorros
100971|481|8044.30|Ahorros
100972|481|623.05|Ahorros
100973|481|7601.66|Ahorros
100974|482|9706.22|Corriente
100975|483|7428.84|Ahorros
100976|484|2945.28|Ahorros
100977|485|3265.25|Ahorros
100978|485|6322.89|Corriente
100979|486|7624.50|Corriente
100980|486|5522.46|Corriente
100981|487|3842.84|Ahorros
100982|487|1933.78|Corriente
100983|488|4274.90|Ahorros
100984|489|4793.60|Corriente
100985|489|7926.71|Ahorros
100986|489|8130.04|Ahorros
100987|490|9530.17|Ahorros
100988|490|2513.33|Ahorros
100989|490|3622.21|Corriente
100990|491|3341.60|Corriente
100991|491|6388.94|Ahorros
100992|492|3769.17|Corriente
100993|493|1640.28|Corriente
100994|494|9499.35|Ahorros
100995|494|5720.68|Corriente
100996|495|5483.02|Corriente
100997|495|1396.01|Ahorros
100998|495|5982.75|Corriente
100999|496|1476.76|Ahorros
101000|496|5928.46|Ahorros
101001|496|5897.99|Ahorros
101002|497|2139.94|Corriente
101003|498|7771.87|Ahorros
101004|499|6734.75|Corriente
101005|500|3934.60|Corriente
101006|500|2709.05|Ahorros
101007|501|3313.55|Ahorros
101008|502|340.34|Ahorros
101009|503|5213.72|Corriente
101010|504|2989.22|Ahorros
101011|505|3637.54|Corriente
101012|506|6702.99|Corriente
101013|507|5171.08|Ahorros
101014|507|6852.12|Ahorros
101015|507|9768.61|Corriente
101016|508|637.28|Corriente
101017|509|4942.41|Ahorros
101018|509|7241.72|Corriente
101019|510|3249.42|Corriente
101020|510|2855.68|Corriente
101021|510|2671.74|Corriente
101022|511|3628.63|Ahorros
101023|511|7185.10|Ahorros
101024|511|4064.91|Ahorros
101025|512|5621.05|Corriente
101026|513|3284.12|Corriente
101027|514|6762.84|Corriente
101028|514|1084.50|Corriente
101029|515|4686.53|Corriente
101030|516|4614.02|Ahorros
101031|517|8775.74|Corriente
101032|518|8705.06|Ahorros
101033|518|8026.87|Ahorros
101034|518|6570.25|Ahorros
101035|519|1106.98|Corriente
101036|519|7400.89|Corriente
101037|519|7354.05|Ahorros
101038|520|4256.45|Ahorros
101039|520|2549.15|Ahorros
101040|520|1069.20|Ahorros
101041|521|339.00|Corriente
101042|521|2405.90|Ahorros
101043|522|8759.70|Corriente
101044|522|3780.12|Ahorros
101045|522|3316.57|Ahorros
101046|523|6922.97|Corriente
101047|524|7735.57|Corriente
101048|524|5008.20|Corriente
101049|525|6438.04|Corriente
101050|525|8902.52|Corriente
101051|525|4999.61|Ahorros
101052|526|9838.67|Ahorros
101053|527|7894.43|Corriente
101054|527|2406.02|Corriente
101055|527|869.93|Ahorros
101056|528|4265.95|Ahorros
101057|529|1795.37|Ahorros
101058|529|153.84|Ahorros
101059|530|7550.03|Ahorros
101060|530|5789.06|Corriente
101061|530|4862.11|Corriente
101062|531|9559.66|Ahorros
101063|531|1144.81|Corriente
101064|532|8111.36|Ahorros
101065|532|4929.77|Corriente
101066|532|5401.33|Corriente
101067|533|9867.71|Corriente
101068|533|5110.92|Ahorros
101069|533|736.12|Corriente
101070|534|8383.26|Ahorros
101071|534|5540.87|Ahorros
101072|535|6825.67|Corriente
101073|535|81.74|Ahorros
101074|535|8819.68|Ahorros
101075|536|9629.44|Corriente
101076|536|3783.84|Corriente
101077|537|731.86|Ahorros
101078|538|2833.62|Ahorros
101079|538|8812.44|Corriente
101080|538|8747.17|Ahorros
101081|539|6937.31|Ahorros
101082|539|7726.75|Corriente
101083|539|8013.20|Ahorros
101084|540|9441.42|Corriente
101085|541|8154.33|Corriente
101086|541|8967.28|Corriente
101087|541|6337.42|Ahorros
101088|542|348.41|Ahorros
101089|543|4187.19|Ahorros
101090|543|4878.39|Corriente
101091|543|8948.24|Ahorros
101092|544|568.19|Corriente
101093|544|2487.16|Corriente
101094|544|8183.31|Ahorros
101095|545|5225.00|Ahorros
101096|546|275.23|Corriente
101097|547|322.54|Ahorros
101098|547|7845.99|Corriente
101099|548|1749.31|Ahorros
101100|548|1120.64|Corriente
101101|548|9139.43|Corriente
101102|549|1825.18|Corriente
101103|550|1072.13|Ahorros
101104|551|7584.85|Ahorros
101105|551|1052.30|Corriente
101106|551|9931.09|Corriente
101107|552|6279.66|Corriente
101108|553|2228.46|Corriente
101109|554|7005.15|Corriente
101110|555|5748.43|Corriente
101111|555|6499.94|Corriente
101112|555|949.38|Ahorros
101113|556|6283.09|Corriente
101114|557|7644.35|Ahorros
101115|557|9302.57|Corriente
101116|557|9749.13|Corriente
101117|558|7419.44|Corriente
101118|559|8367.56|Ahorros
101119|560|8797.46|Ahorros
101120|560|2129.87|Corriente
101121|560|9022.84|Corriente
101122|561|2358.98|Corriente
101123|561|1685.45|Ahorros
101124|562|5521.42|Ahorros
101125|563|3077.80|Ahorros
101126|564|8117.67|Corriente
101127|564|1099.44|Ahorros
101128|565|8376.94|Ahorros
101129|565|8674.63|Ahorros
101130|566|9880.34|Corriente
101131|566|834.60|Ahorros
101132|566|7068.87|Ahorros
101133|567|3278.58|Corriente
101134|568|9026.63|Ahorros
101135|568|3739.87|Ahorros
101136|568|7898.98|Ahorros
101137|569|5687.01|Corriente
101138|570|676.63|Ahorros
101139|571|7378.20|Ahorros
101140|571|3021.02|Ahorros
101141|572|7175.25|Corriente
101142|572|698.94|Ahorros
101143|573|2816.24|Ahorros
101144|573|7157.40|Corriente
101145|573|3106.34|Corriente
101146|574|7965.15|Ahorros
101147|574|8075.24|Ahorros
101148|575|581.06|Corriente
101149|576|20.91|Corriente
101150|577|7852.03|Ahorros
101151|577|9064.82|Ahorros
101152|577|8869.40|Corriente
101153|578|4056.63|Ahorros
101154|579|1978.81|Corriente
101155|579|2816.47|Corriente
101156|579|9896.70|Corriente
101157|580|9924.22|Ahorros
101158|581|7552.86|Corriente
101159|581|4743.47|Ahorros
101160|582|5662.00|Corriente
101161|582|6290.06|Corriente
101162|582|8677.58|Corriente
101163|583|6398.25|Ahorros
101164|583|1439.15|Corriente
101165|584|8765.13|Ahorros
101166|585|6383.84|Corriente
101167|585|4552.03|Corriente
101168|585|1618.52|Ahorros
101169|586|1591.26|Ahorros
101170|587|4007.46|Corriente
101171|587|1996.23|Corriente
101172|587|3105.53|Ahorros
101173|588|823.22|Ahorros
101174|588|8116.82|Ahorros
101175|588|1071.30|Corriente
101176|589|6719.08|Corriente
101177|589|958.01|Ahorros
101178|589|2269.76|Corriente
101179|590|4080.48|Corriente
101180|591|537.35|Ahorros
101181|591|3361.45|Ahorros
101182|592|5377.06|Ahorros
101183|593|7501.05|Corriente
101184|594|2990.78|Ahorros
101185|594|7505.51|Ahorros
101186|594|841.40|Corriente
101187|595|1312.13|Corriente
101188|595|9227.48|Corriente
101189|595|8408.76|Corriente
101190|596|4151.78|Ahorros
101191|596|48.97|Corriente
101192|597|4848.43|Corriente
101193|597|4175.86|Corriente
101194|598|7590.88|Corriente
101195|598|4892.60|Ahorros
101196|599|4976.79|Corriente
101197|599|3414.63|Ahorros
101198|600|392.50|Corriente
101199|601|3685.61|Ahorros
101200|601|8314.12|Ahorros
101201|601|592.79|Corriente
101202|602|5010.47|Corriente
101203|602|8398.49|Ahorros
101204|602|1492.06|Corriente
101205|603|8763.74|Corriente
101206|604|5384.38|Ahorros
101207|605|5191.36|Corriente
101208|605|2235.77|Ahorros
101209|605|1274.86|Ahorros
101210|606|7055.29|Corriente
101211|606|9149.19|Corriente
101212|606|9407.94|Corriente
101213|607|3376.48|Corriente
101214|607|3750.47|Corriente
101215|607|1529.32|Corriente
101216|608|4468.33|Corriente
101217|609|3484.53|Corriente
101218|609|8462.30|Corriente
101219|610|4423.50|Ahorros
101220|611|8875.51|Ahorros
101221|611|9090.20|Ahorros
101222|611|8516.47|Ahorros
101223|612|4898.56|Corriente
101224|612|128.30|Corriente
101225|612|1381.92|Ahorros
101226|613|63.01|Corriente
101227|614|604.77|Ahorros
101228|615|5260.96|Corriente
101229|615|2022.45|Ahorros
101230|615|6502.75|Corriente
101231|616|8557.33|Corriente
101232|617|4221.55|Ahorros
101233|618|5387.08|Ahorros
101234|618|2109.60|Ahorros
101235|618|4024.90|Corriente
101236|619|9466.97|Ahorros
101237|620|4644.21|Corriente
101238|620|7190.69|Ahorros
101239|621|8297.45|Ahorros
101240|621|6989.14|Corriente
101241|622|878.08|Corriente
101242|623|4871.77|Corriente
101243|624|2315.59|Ahorros
101244|624|542.00|Ahorros
101245|624|2262.67|Ahorros
101246|625|9011.91|Ahorros
101247|625|4375.68|Ahorros
101248|626|5543.55|Ahorros
101249|627|8064.15|Corriente
101250|627|3918.91|Corriente
101251|628|1915.27|Ahorros
101252|628|8964.32|Ahorros
101253|629|4638.81|Corriente
101254|629|7396.69|Ahorros
101255|630|5100.55|Corriente
101256|631|6790.05|Corriente
101257|631|660.38|Corriente
101258|632|6770.15|Corriente
101259|632|3888.68|Corriente
101260|633|9034.77|Corriente
101261|634|7962.77|Corriente
101262|635|8429.51|Corriente
101263|635|4024.35|Corriente
101264|635|1702.93|Ahorros
101265|636|3893.12|Ahorros
101266|636|6898.85|Corriente
101267|636|9248.42|Corriente
101268|637|8310.00|Ahorros
101269|637|2510.77|Corriente
101270|638|9011.88|Corriente
101271|638|2459.57|Ahorros
101272|639|9853.30|Corriente
101273|639|7421.12|Corriente
101274|639|711.78|Ahorros
101275|640|6913.39|Ahorros
101276|640|8273.35|Ahorros
101277|641|977.78|Corriente
101278|642|819.53|Corriente
101279|643|5271.20|Ahorros
101280|643|9738.80|Corriente
101281|643|8714.56|Ahorros
101282|644|3696.19|Ahorros
101283|644|4591.97|Ahorros
101284|645|968.55|Corriente
101285|645|4633.63|Ahorros
101286|646|5552.27|Ahorros
101287|646|7256.06|Corriente
101288|646|1052.48|Corriente
101289|647|8018.33|Ahorros
101290|647|5994.58|Ahorros
101291|648|7250.37|Ahorros
101292|648|4900.87|Corriente
101293|648|9403.39|Corriente
101294|649|2192.08|Corriente
101295|649|2090.48|Corriente
101296|649|4790.84|Ahorros
101297|650|8305.16|Ahorros
101298|650|2157.35|Corriente
101299|651|1973.38|Ahorros
101300|651|2890.06|Ahorros
101301|652|5238.74|Ahorros
101302|653|5231.57|Ahorros
101303|653|9404.77|Ahorros
101304|653|6830.31|Ahorros
101305|654|6368.07|Corriente
101306|654|5005.75|Ahorros
101307|654|2753.48|Ahorros
101308|655|87.01|Ahorros
101309|655|3590.31|Ahorros
101310|656|2848.71|Corriente
101311|657|8730.68|Corriente
101312|657|2313.76|Ahorros
101313|657|2053.41|Ahorros
101314|658|6189.80|Corriente
101315|658|6598.63|Corriente
101316|658|6388.17|Corriente
101317|659|1632.31|Corriente
101318|659|8474.15|Corriente
101319|660|3169.70|Corriente
101320|660|7896.39|Corriente
101321|660|5935.63|Corriente
101322|661|1369.69|Corriente
101323|661|2600.22|Corriente
101324|662|5864.78|Ahorros
101325|662|4619.18|Corriente
101326|662|2597.62|Corriente
101327|663|7003.42|Corriente
101328|663|2405.50|Ahorros
101329|663|2302.50|Ahorros
101330|664|3754.51|Ahorros
101331|664|5465.87|Ahorros
101332|665|8383.25|Ahorros
101333|665|632.68|Ahorros
101334|665|6081.87|Corriente
101335|666|2145.73|Corriente
101336|666|1632.20|Ahorros
101337|666|8352.06|Corriente
101338|667|3945.83|Ahorros
101339|667|3817.71|Ahorros
101340|667|6008.99|Corriente
101341|668|8273.84|Ahorros
101342|668|2377.54|Corriente
101343|668|5950.12|Ahorros
101344|669|3372.76|Corriente
101345|669|3653.23|Corriente
101346|670|1031.43|Corriente
101347|671|8656.51|Corriente
101348|671|1773.05|Corriente
101349|671|8385.92|Corriente
101350|672|4826.37|Ahorros
101351|672|5661.57|Ahorros
101352|673|8757.00|Ahorros
101353|673|9123.46|Ahorros
101354|673|3653.81|Corriente
101355|674|3744.86|Ahorros
101356|674|1623.55|Ahorros
101357|674|281.40|Ahorros
101358|675|5403.57|Ahorros
101359|675|5194.60|Corriente
101360|676|3976.61|Ahorros
101361|676|6196.25|Corriente
101362|677|9802.15|Ahorros
101363|678|1275.87|Ahorros
101364|679|2984.26|Ahorros
101365|679|1092.01|Ahorros
101366|679|9380.41|Corriente
101367|680|9729.09|Corriente
101368|681|3398.95|Corriente
101369|681|2861.18|Ahorros
101370|682|1201.14|Corriente
101371|683|5961.32|Corriente
101372|684|9814.72|Ahorros
101373|684|6435.89|Ahorros
101374|685|5957.42|Corriente
101375|686|79.87|Ahorros
101376|686|3246.83|Ahorros
101377|687|727.82|Corriente
101378|687|6325.80|Ahorros
101379|687|4361.13|Corriente
101380|688|6449.33|Ahorros
101381|688|5731.09|Corriente
101382|689|6871.82|Corriente
101383|689|8830.61|Corriente
101384|689|8404.84|Corriente
101385|690|4506.37|Corriente
101386|690|4470.57|Ahorros
101387|690|8909.12|Ahorros
101388|691|7989.25|Ahorros
101389|691|9369.46|Ahorros
101390|692|8498.11|Corriente
101391|692|3560.52|Corriente
101392|693|1420.27|Corriente
101393|693|5626.89|Ahorros
101394|693|3707.48|Ahorros
101395|694|1999.80|Ahorros
101396|694|5561.64|Ahorros
101397|694|885.35|Corriente
101398|695|4238.37|Ahorros
101399|696|1454.72|Ahorros
101400|696|2119.40|Ahorros
101401|697|6299.56|Corriente
101402|698|7106.61|Ahorros
101403|699|9266.75|Corriente
101404|699|1946.51|Corriente
101405|700|897.38|Ahorros
101406|701|3169.30|Ahorros
101407|702|2136.18|Ahorros
101408|702|3875.42|Corriente
101409|703|5793.94|Ahorros
101410|704|7935.82|Corriente
101411|705|8918.69|Ahorros
101412|705|3035.01|Corriente
101413|706|9518.09|Ahorros
101414|707|4477.39|Ahorros
101415|707|8796.92|Ahorros
101416|707|467.91|Corriente
101417|708|6918.59|Ahorros
101418|709|9093.46|Ahorros
101419|710|130.54|Ahorros
101420|710|8846.94|Corriente
101421|710|8878.89|Ahorros
101422|711|9551.51|Ahorros
101423|711|6290.10|Corriente
101424|711|4559.58|Corriente
101425|712|7761.02|Corriente
101426|712|2603.53|Ahorros
101427|712|5739.76|Ahorros
101428|713|8345.70|Ahorros
101429|713|3888.57|Corriente
101430|714|3968.32|Ahorros
101431|714|1785.16|Corriente
101432|715|2344.26|Corriente
101433|715|905.69|Ahorros
101434|715|8060.29|Ahorros
101435|716|8878.79|Ahorros
101436|717|2506.87|Ahorros
101437|717|3207.44|Ahorros
101438|718|9811.92|Corriente
101439|718|824.50|Corriente
101440|718|8540.87|Ahorros
101441|719|7288.35|Ahorros
101442|719|4538.78|Corriente
101443|719|3884.45|Corriente
101444|720|3521.79|Ahorros
101445|720|9117.28|Corriente
101446|720|7079.64|Corriente
101447|721|6132.68|Ahorros
101448|721|9232.03|Corriente
101449|722|236.60|Corriente
101450|722|2864.86|Corriente
101451|722|8209.02|Corriente
101452|723|4063.46|Corriente
101453|724|1162.46|Corriente
101454|724|1988.82|Corriente
101455|725|8055.45|Ahorros
101456|726|7594.21|Corriente
101457|726|184.45|Corriente
101458|726|3600.22|Corriente
101459|727|6533.54|Corriente
101460|727|1554.81|Corriente
101461|728|9143.48|Ahorros
101462|729|9478.57|Corriente
101463|730|9155.44|Corriente
101464|730|3855.76|Ahorros
101465|731|1077.57|Ahorros
101466|731|6901.86|Corriente
101467|731|8081.30|Ahorros
101468|732|6204.02|Corriente
101469|732|3392.26|Ahorros
101470|733|9829.92|Corriente
101471|734|8856.55|Corriente
101472|734|2031.75|Corriente
101473|735|4232.22|Ahorros
101474|736|5956.00|Corriente
101475|736|7664.53|Ahorros
101476|736|3155.89|Ahorros
101477|737|430.36|Corriente
101478|738|708.18|Corriente
101479|739|4784.59|Corriente
101480|739|4246.50|Ahorros
101481|740|8450.40|Corriente
101482|741|9906.09|Corriente
101483|741|3573.58|Ahorros
101484|741|2525.33|Ahorros
101485|742|4320.46|Corriente
101486|743|2786.66|Ahorros
101487|743|187.22|Corriente
101488|743|5269.43|Corriente
101489|744|8986.45|Corriente
101490|745|1559.24|Corriente
101491|745|7977.65|Ahorros
101492|746|8728.37|Ahorros
101493|746|4909.63|Ahorros
101494|747|9592.69|Ahorros
101495|748|7361.47|Ahorros
101496|748|913.33|Ahorros
101497|749|2993.00|Corriente
101498|750|32.97|Corriente
101499|751|5687.12|Ahorros
101500|751|7775.94|Ahorros
101501|751|1238.58|Ahorros
101502|752|4437.52|Ahorros
101503|752|8471.79|Ahorros
101504|753|9365.12|Ahorros
101505|753|4095.50|Corriente
101506|754|8433.27|Corriente
101507|755|9500.84|Ahorros
101508|755|7512.46|Corriente
101509|755|9132.15|Ahorros
101510|756|7768.31|Corriente
101511|756|7779.29|Ahorros
101512|757|3764.83|Ahorros
101513|758|433.11|Corriente
101514|758|1439.04|Ahorros
101515|758|7471.79|Corriente
101516|759|8795.54|Corriente
101517|759|766.73|Corriente
101518|760|1126.50|Ahorros
101519|761|69.21|Ahorros
101520|761|7260.87|Corriente
101521|761|1739.52|Corriente
101522|762|8142.53|Corriente
101523|762|708.89|Corriente
101524|762|8835.55|Ahorros
101525|763|8208.66|Ahorros
101526|763|7088.90|Ahorros
101527|763|7939.91|Ahorros
101528|764|6406.14|Ahorros
101529|764|9774.59|Ahorros
101530|764|6086.87|Ahorros
101531|765|5374.57|Corriente
101532|765|8984.60|Corriente
101533|766|7519.49|Corriente
101534|766|254.43|Corriente
101535|766|5679.07|Corriente
101536|767|4822.09|Corriente
101537|767|6888.27|Ahorros
101538|767|5695.24|Corriente
101539|768|7530.39|Ahorros
101540|768|6500.32|Ahorros
101541|768|8071.02|Ahorros
101542|769|7443.92|Corriente
101543|770|3729.03|Corriente
101544|771|5994.51|Ahorros
101545|772|4167.33|Corriente
101546|773|9192.93|Ahorros
101547|773|2365.76|Corriente
101548|773|4175.19|Ahorros
101549|774|5890.81|Corriente
101550|775|5572.52|Corriente
101551|775|3345.28|Corriente
101552|775|8547.38|Ahorros
101553|776|3122.99|Ahorros
101554|776|8236.96|Ahorros
101555|776|4574.34|Corriente
101556|777|4299.24|Corriente
101557|777|1836.89|Ahorros
101558|777|7222.43|Corriente
101559|778|7287.06|Corriente
101560|778|1879.34|Ahorros
101561|779|4812.95|Corriente
101562|779|4057.09|Corriente
101563|779|6340.27|Corriente
101564|780|1375.45|Ahorros
101565|780|2004.53|Corriente
101566|781|3524.39|Corriente
101567|781|4871.39|Ahorros
101568|781|4549.06|Corriente
101569|782|2530.84|Corriente
101570|782|6674.58|Corriente
101571|782|6331.99|Ahorros
101572|783|1631.90|Ahorros
101573|783|8244.00|Corriente
101574|784|8203.97|Ahorros
101575|784|5938.05|Corriente
101576|784|2180.91|Corriente
101577|785|7631.04|Corriente
101578|785|7949.00|Corriente
101579|785|7833.77|Corriente
101580|786|8801.71|Corriente
101581|787|7351.35|Ahorros
101582|787|2217.09|Ahorros
101583|788|2865.52|Ahorros
101584|788|4570.61|Ahorros
101585|789|6908.14|Corriente
101586|789|15.40|Corriente
101587|789|8759.25|Ahorros
101588|790|6857.83|Ahorros
101589|790|2096.27|Ahorros
101590|790|5848.55|Ahorros
101591|791|232.18|Ahorros
101592|791|610.36|Ahorros
101593|791|2563.51|Corriente
101594|792|2960.27|Corriente
101595|792|7229.05|Ahorros
101596|793|3862.09|Corriente
101597|793|5826.56|Ahorros
101598|794|2064.87|Ahorros
101599|795|554.45|Ahorros
101600|796|8943.74|Ahorros
101601|796|4505.27|Ahorros
101602|797|7952.02|Corriente
101603|797|4835.62|Corriente
101604|798|1098.18|Ahorros
101605|798|1286.15|Corriente
101606|799|9307.38|Ahorros
101607|799|6234.29|Corriente
101608|800|7280.66|Ahorros
101609|800|3238.83|Corriente
101610|801|3741.52|Corriente
101611|801|5894.82|Ahorros
101612|802|7547.19|Ahorros
101613|802|9742.17|Corriente
101614|802|749.22|Ahorros
101615|803|1894.75|Corriente
101616|803|553.25|Ahorros
101617|804|9403.16|Ahorros
101618|805|2053.97|Corriente
101619|805|4439.67|Corriente
101620|805|6065.97|Corriente
101621|806|4997.15|Corriente
101622|806|7722.09|Corriente
101623|806|8866.24|Ahorros
101624|807|4845.55|Ahorros
101625|808|2387.69|Ahorros
101626|808|6784.85|Corriente
101627|808|8622.87|Corriente
101628|809|1394.71|Corriente
101629|809|3170.32|Ahorros
101630|809|570.01|Ahorros
101631|810|921.96|Ahorros
101632|810|6619.14|Ahorros
101633|810|1110.07|Corriente
101634|811|4569.62|Ahorros
101635|812|3269.04|Ahorros
101636|812|2931.98|Corriente
101637|813|4683.22|Ahorros
101638|813|2501.44|Ahorros
101639|813|8009.78|Corriente
101640|814|6402.55|Ahorros
101641|815|3768.25|Ahorros
101642|816|8374.79|Ahorros
101643|816|5335.59|Corriente
101644|816|2921.35|Ahorros
101645|817|1399.35|Corriente
101646|818|907.51|Ahorros
101647|818|673.17|Ahorros
101648|818|5948.74|Corriente
101649|819|706.24|Corriente
101650|819|3672.77|Ahorros
101651|820|8386.22|Corriente
101652|820|7783.00|Ahorros
101653|821|9381.89|Ahorros
101654|822|301.20|Ahorros
101655|823|4030.63|Ahorros
101656|823|3584.84|Ahorros
101657|824|6298.35|Ahorros
101658|824|1260.08|Corriente
101659|824|8807.21|Corriente
101660|825|2502.45|Corriente
101661|825|3924.02|Ahorros
101662|825|7111.48|Ahorros
101663|826|4147.77|Ahorros
101664|826|2890.16|Corriente
101665|827|1246.19|Corriente
101666|827|8960.07|Ahorros
101667|827|7365.54|Corriente
101668|828|4282.39|Corriente
101669|828|2118.57|Corriente
101670|829|2524.27|Corriente
101671|830|398.49|Corriente
101672|830|8310.33|Ahorros
101673|831|9202.53|Corriente
101674|831|1216.94|Corriente
101675|831|7344.48|Corriente
101676|832|1612.45|Ahorros
101677|832|5295.43|Corriente
101678|832|8926.63|Corriente
101679|833|3622.97|Ahorros
101680|833|1269.00|Corriente
101681|833|1568.67|Corriente
101682|834|6732.88|Ahorros
101683|834|3805.32|Ahorros
101684|835|2210.13|Corriente
101685|835|4988.24|Ahorros
101686|835|7108.23|Ahorros
101687|836|9174.70|Corriente
101688|836|5803.44|Ahorros
101689|837|1508.82|Corriente
101690|837|1377.63|Ahorros
101691|838|6331.30|Corriente
101692|839|1074.25|Ahorros
101693|839|8617.81|Corriente
101694|839|4315.01|Ahorros
101695|840|8871.33|Ahorros
101696|841|1165.14|Corriente
101697|841|3079.35|Corriente
101698|841|6261.26|Corriente
101699|842|4799.16|Ahorros
101700|842|7266.13|Ahorros
101701|842|588.54|Corriente
101702|843|1867.40|Corriente
101703|843|7415.26|Ahorros
101704|843|9461.27|Ahorros
101705|844|3700.02|Ahorros
101706|844|3111.95|Ahorros
101707|844|5229.83|Ahorros
101708|845|1838.48|Ahorros
101709|845|6881.18|Ahorros
101710|845|4460.38|Corriente
101711|846|1735.52|Ahorros
101712|847|1964.06|Corriente
101713|848|8207.52|Corriente
101714|849|5418.98|Corriente
101715|849|189.94|Ahorros
101716|849|9735.72|Ahorros
101717|850|1593.06|Ahorros
101718|850|7887.61|Corriente
101719|850|9986.63|Corriente
101720|851|7676.12|Ahorros
101721|851|933.94|Corriente
101722|851|9969.38|Ahorros
101723|852|1359.12|Corriente
101724|852|2308.28|Ahorros
101725|853|6452.28|Corriente
101726|854|9722.87|Ahorros
101727|855|6377.03|Ahorros
101728|856|8171.33|Ahorros
101729|857|3558.08|Ahorros
101730|858|32.79|Corriente
101731|859|603.76|Ahorros
101732|860|3021.74|Corriente
101733|860|9377.21|Ahorros
101734|861|6821.20|Ahorros
101735|861|2437.10|Corriente
101736|862|648.62|Corriente
101737|862|5766.94|Corriente
101738|863|7142.98|Corriente
101739|863|4093.97|Ahorros
101740|864|2042.45|Ahorros
101741|864|1264.48|Ahorros
101742|864|3994.17|Corriente
101743|865|7371.04|Ahorros
101744|865|9786.62|Corriente
101745|866|7542.05|Corriente
101746|866|5453.27|Ahorros
101747|867|9397.29|Corriente
101748|867|6083.19|Corriente
101749|868|4762.55|Ahorros
101750|869|9928.59|Corriente
101751|870|6262.13|Corriente
101752|870|3583.58|Ahorros
101753|871|2948.57|Corriente
101754|871|9699.04|Corriente
101755|872|128.72|Ahorros
101756|872|3571.65|Corriente
101757|873|8683.96|Ahorros
101758|873|5119.20|Corriente
101759|873|8829.74|Corriente
101760|874|4119.32|Ahorros
101761|874|9461.51|Ahorros
101762|875|591.94|Corriente
101763|875|1790.75|Corriente
101764|875|5823.95|Corriente
101765|876|6008.39|Corriente
101766|876|2922.65|Ahorros
101767|876|2544.65|Ahorros
101768|877|7434.14|Corriente
101769|877|5803.64|Corriente
101770|878|1214.37|Ahorros
101771|879|8009.42|Ahorros
101772|879|7205.94|Corriente
101773|880|7301.54|Ahorros
101774|880|44.84|Ahorros
101775|880|2303.08|Ahorros
101776|881|7666.68|Ahorros
101777|882|5362.94|Corriente
101778|882|7152.28|Corriente
101779|883|7977.58|Ahorros
101780|884|1351.85|Ahorros
101781|884|1257.28|Corriente
101782|884|8766.72|Ahorros
101783|885|4834.61|Ahorros
101784|885|1231.01|Corriente
101785|886|3184.99|Ahorros
101786|887|8071.41|Corriente
101787|888|979.44|Ahorros
101788|888|5082.55|Ahorros
101789|888|6863.17|Corriente
101790|889|8516.13|Ahorros
101791|890|1318.21|Ahorros
101792|891|4276.77|Corriente
101793|891|5618.11|Corriente
101794|892|1189.01|Ahorros
101795|893|1192.09|Corriente
101796|893|6507.44|Ahorros
101797|894|9092.86|Ahorros
101798|894|6515.42|Corriente
101799|894|8079.48|Ahorros
101800|895|9455.07|Corriente
101801|896|9907.47|Ahorros
101802|896|9621.61|Ahorros
101803|897|9761.48|Corriente
101804|898|6436.48|Ahorros
101805|898|1482.48|Ahorros
101806|898|3361.30|Corriente
101807|899|2545.55|Ahorros
101808|899|7508.08|Corriente
101809|900|4319.24|Corriente
101810|901|4743.87|Corriente
101811|902|6759.89|Ahorros
101812|903|9195.68|Ahorros
101813|903|7305.97|Ahorros
101814|904|2848.72|Corriente
101815|904|2752.41|Ahorros
101816|904|9192.31|Ahorros
101817|905|6536.09|Ahorros
101818|905|9142.30|Ahorros
101819|905|6855.02|Ahorros
101820|906|6842.68|Corriente
101821|906|5063.80|Corriente
101822|907|5827.57|Corriente
101823|907|746.75|Ahorros
101824|908|4014.33|Corriente
101825|909|9173.33|Corriente
101826|910|3541.71|Ahorros
101827|911|3884.28|Ahorros
101828|911|3846.93|Ahorros
101829|911|6320.22|Corriente
101830|912|6104.03|Ahorros
101831|913|7116.21|Corriente
101832|913|3088.57|Corriente
101833|914|6881.86|Ahorros
101834|914|6114.37|Corriente
101835|914|784.28|Ahorros
101836|915|9197.44|Corriente
101837|916|2140.96|Ahorros
101838|916|7979.09|Corriente
101839|916|5364.29|Corriente
101840|917|7688.31|Corriente
101841|918|4145.59|Corriente
101842|918|8348.63|Corriente
101843|919|2129.95|Corriente
101844|919|9078.10|Ahorros
101845|919|6089.72|Corriente
101846|920|4002.84|Ahorros
101847|920|8473.84|Ahorros
101848|920|8114.30|Corriente
101849|921|3758.99|Corriente
101850|921|1865.00|Corriente
101851|922|3141.61|Ahorros
101852|922|5737.44|Ahorros
101853|923|8332.82|Ahorros
101854|923|6737.20|Ahorros
101855|923|2187.01|Ahorros
101856|924|1235.03|Ahorros
101857|924|4722.08|Ahorros
101858|924|2663.51|Ahorros
101859|925|392.35|Ahorros
101860|925|1822.80|Corriente
101861|925|6494.19|Corriente
101862|926|1524.86|Corriente
101863|927|3715.29|Ahorros
101864|927|938.50|Corriente
101865|927|5228.09|Corriente
101866|928|4117.74|Ahorros
101867|928|4655.14|Ahorros
101868|929|9085.68|Ahorros
101869|929|8474.85|Ahorros
101870|930|6658.91|Corriente
101871|930|6066.98|Ahorros
101872|930|3168.42|Corriente
101873|931|4829.04|Corriente
101874|931|1498.93|Ahorros
101875|931|6474.38|Ahorros
101876|932|9574.71|Corriente
101877|933|5008.95|Corriente
101878|934|1011.47|Ahorros
101879|935|9852.23|Ahorros
101880|936|496.29|Ahorros
101881|936|1428.39|Corriente
101882|936|8342.19|Corriente
101883|937|3004.93|Ahorros
101884|937|967.28|Corriente
101885|938|1319.13|Ahorros
101886|938|2160.14|Corriente
101887|938|3101.77|Ahorros
101888|939|7049.44|Ahorros
101889|939|4411.66|Ahorros
101890|940|9714.09|Corriente
101891|940|3739.14|Corriente
101892|941|5937.77|Corriente
101893|941|6405.11|Corriente
101894|941|4081.29|Ahorros
101895|942|5568.07|Ahorros
101896|942|6183.89|Ahorros
101897|942|228.14|Corriente
101898|943|3058.36|Corriente
101899|943|8475.04|Ahorros
101900|943|3824.04|Ahorros
101901|944|9293.60|Corriente
101902|945|9271.50|Ahorros
101903|946|9776.44|Corriente
101904|946|223.25|Corriente
101905|947|1822.93|Corriente
101906|947|7247.37|Corriente
101907|947|4416.31|Corriente
101908|948|6027.18|Ahorros
101909|949|8197.70|Ahorros
101910|949|1430.43|Corriente
101911|949|3061.62|Ahorros
101912|950|2064.10|Corriente
101913|951|9716.58|Ahorros
101914|951|8141.19|Ahorros
101915|952|9516.48|Ahorros
101916|952|3487.82|Ahorros
101917|953|1597.85|Corriente
101918|953|3597.88|Ahorros
101919|954|7669.68|Ahorros
101920|955|3935.45|Ahorros
101921|955|8777.77|Ahorros
101922|955|6176.98|Ahorros
101923|956|3059.76|Ahorros
101924|956|1806.51|Ahorros
101925|956|7574.50|Corriente
101926|957|8457.48|Corriente
101927|958|157.44|Ahorros
101928|959|600.42|Corriente
101929|959|9205.21|Ahorros
101930|960|4012.68|Ahorros
101931|960|5034.19|Ahorros
101932|960|8064.21|Ahorros
101933|961|5734.16|Corriente
101934|962|455.09|Corriente
101935|962|6893.16|Corriente
101936|962|5234.70|Corriente
101937|963|5688.75|Ahorros
101938|964|3520.82|Ahorros
101939|965|4057.71|Ahorros
101940|965|3895.12|Ahorros
101941|966|6423.89|Ahorros
101942|966|3802.28|Ahorros
101943|966|4244.53|Corriente
101944|967|1282.77|Ahorros
101945|967|2109.03|Corriente
101946|967|5554.33|Corriente
101947|968|238.58|Corriente
101948|969|5743.44|Ahorros
101949|969|1905.62|Corriente
101950|970|5071.34|Ahorros
101951|970|3235.25|Corriente
101952|971|8221.61|Ahorros
101953|971|1975.49|Corriente
101954|972|4157.68|Corriente
101955|972|9760.32|Ahorros
101956|973|5604.87|Corriente
101957|973|994.58|Ahorros
101958|973|25.99|Corriente
101959|974|9212.29|Corriente
101960|974|4876.79|Ahorros
101961|975|5539.78|Corriente
101962|976|8121.84|Corriente
101963|976|9918.76|Corriente
101964|977|9777.05|Corriente
101965|977|5540.14|Ahorros
101966|977|2142.97|Corriente
101967|978|9401.16|Ahorros
101968|978|6.77|Ahorros
101969|979|4684.29|Corriente
101970|979|2358.46|Corriente
101971|979|5302.64|Corriente
101972|980|1471.39|Corriente
101973|980|6142.02|Ahorros
101974|981|6049.70|Ahorros
101975|981|679.56|Ahorros
101976|982|8974.82|Ahorros
101977|983|6720.38|Ahorros
101978|984|3840.53|Corriente
101979|984|3905.48|Ahorros
101980|984|9954.49|Corriente
101981|985|1031.73|Ahorros
101982|985|679.79|Ahorros
101983|986|5309.79|Ahorros
101984|987|2310.87|Ahorros
101985|987|1145.65|Ahorros
101986|988|411.02|Ahorros
101987|989|6382.06|Corriente
101988|989|3561.95|Corriente
101989|990|3475.10|Ahorros
101990|991|2665.68|Ahorros
101991|992|7166.63|Ahorros
101992|992|10.28|Corriente
101993|993|4569.46|Ahorros
101994|994|8630.89|Corriente
101995|995|7659.35|Ahorros
101996|996|1945.63|Ahorros
101997|996|3751.65|Corriente
101998|997|307.44|Corriente
101999|997|6935.43|Corriente
102000|998|8934.30|Ahorros
102001|999|5241.48|Corriente
102002|999|4385.32|Corriente
102003|999|6006.73|Corriente
102004|1000|6235.31|Ahorros
102005|1000|4125.17|Corriente
102006|1000|6855.51|Ahorros
102007|1001|2640.86|Ahorros
102008|1002|5349.70|Ahorros
102009|1002|9695.98|Corriente
102010|1003|3845.04|Ahorros
102011|1003|9143.19|Ahorros
102012|1004|8441.44|Ahorros
102013|1004|2148.47|Ahorros
102014|1004|6529.40|Corriente
102015|1005|5115.53|Ahorros
102016|1005|8995.37|Corriente
102017|1006|1008.93|Ahorros
