ID_CUENTA|ID_CLIENTE|SALDO|TIPO_CUENTA
102018|1006|7262.31|Corriente
102019|1007|6045.12|Ahorros
102020|1007|5020.86|Ahorros
102021|1007|1400.01|Corriente
102022|1008|5132.77|Ahorros
102023|1009|5805.91|Ahorros
102024|1009|2571.80|Corriente
102025|1009|5732.92|Ahorros
102026|1010|7734.77|Ahorros
102027|1010|8403.00|Corriente
102028|1010|2338.27|Corriente
102029|1011|1106.73|Corriente
102030|1012|3596.86|Corriente
102031|1012|3576.84|Corriente
102032|1012|9827.08|Ahorros
102033|1013|7251.56|Corriente
102034|1013|5539.22|Corriente
102035|1013|1782.66|Ahorros
102036|1014|5295.64|Corriente
102037|1014|9238.14|Ahorros
102038|1015|4953.35|Ahorros
102039|1015|6249.47|Corriente
102040|1015|6187.97|Corriente
102041|1016|8957.45|Corriente
102042|1016|8234.27|Ahorros
102043|1016|6910.06|Corriente
102044|1017|5395.36|Corriente
102045|1017|2669.78|Ahorros
102046|1018|3387.77|Corriente
102047|1018|9800.49|Corriente
102048|1018|8711.78|Ahorros
102049|1019|5930.58|Corriente
102050|1019|3491.11|Corriente
102051|1020|7371.05|Corriente
102052|1021|343.45|Ahorros
102053|1021|1183.08|Corriente
102054|1022|876.19|Corriente
102055|1022|487.88|Ahorros
102056|1022|5096.66|Corriente
102057|1023|5501.51|Ahorros
102058|1023|3482.01|Ahorros
102059|1023|574.52|Corriente
102060|1024|7769.18|Ahorros
102061|1024|4571.85|Corriente
102062|1025|7628.97|Ahorros
102063|1026|1682.61|Ahorros
102064|1027|2785.08|Ahorros
102065|1027|1145.79|Corriente
102066|1028|6500.53|Corriente
102067|1028|3906.50|Corriente
102068|1028|8596.52|Corriente
102069|1029|5490.99|Ahorros
102070|1030|5437.73|Ahorros
102071|1030|4807.57|Corriente
102072|1030|9630.20|Ahorros
102073|1031|5646.53|Corriente
102074|1031|9441.04|Ahorros
102075|1031|9968.21|Corriente
102076|1032|9256.33|Ahorros
102077|1032|9773.01|Corriente
102078|1033|6719.97|Ahorros
102079|1033|3509.26|Corriente
102080|1034|135.86|Ahorros
102081|1035|7793.27|Ahorros
102082|1035|2397.51|Corriente
102083|1036|7574.12|Corriente
102084|1037|1633.34|Corriente
102085|1038|1609.42|Ahorros
102086|1038|2019.08|Corriente
102087|1039|497.11|Ahorros
102088|1039|9939.40|Ahorros
102089|1040|3197.47|Corriente
102090|1040|9365.37|Ahorros
102091|1040|867.91|Corriente
102092|1041|7144.75|Ahorros
102093|1041|8399.33|Corriente
102094|1041|1172.23|Corriente
102095|1042|5945.45|Corriente
102096|1042|6513.33|Corriente
102097|1042|5266.83|Ahorros
102098|1043|434.94|Ahorros
102099|1043|3072.73|Ahorros
102100|1044|1142.33|Corriente
102101|1044|8064.13|Ahorros
102102|1044|4287.02|Ahorros
102103|1045|8625.99|Ahorros
102104|1046|4764.60|Ahorros
102105|1046|3074.57|Ahorros
102106|1047|5082.96|Corriente
102107|1047|8706.51|Ahorros
102108|1047|5897.17|Corriente
102109|1048|1033.82|Ahorros
102110|1049|3587.44|Ahorros
102111|1050|9725.51|Ahorros
102112|1050|9227.44|Corriente
102113|1050|8888.72|Corriente
102114|1051|1892.76|Corriente
102115|1051|6127.40|Corriente
102116|1052|1597.78|Ahorros
102117|1052|6515.47|Corriente
102118|1052|7029.23|Corriente
102119|1053|1252.96|Corriente
102120|1053|450.62|Ahorros
102121|1054|2244.65|Ahorros
102122|1054|4232.89|Corriente
102123|1055|1924.03|Corriente
102124|1056|3178.52|Corriente
102125|1056|9152.89|Corriente
102126|1056|7787.01|Corriente
102127|1057|3283.51|Corriente
102128|1057|2753.21|Ahorros
102129|1057|8640.88|Ahorros
102130|1058|7211.85|Corriente
102131|1058|1629.18|Corriente
102132|1059|5011.47|Ahorros
102133|1059|3060.72|Corriente
102134|1060|6211.99|Ahorros
102135|1060|6682.95|Ahorros
102136|1061|6768.43|Corriente
102137|1061|1545.56|Corriente
102138|1062|7181.87|Ahorros
102139|1062|6675.28|Corriente
102140|1062|3302.94|Ahorros
102141|1063|443.13|Ahorros
102142|1063|4223.98|Corriente
102143|1064|7087.34|Ahorros
102144|1064|5006.24|Ahorros
102145|1064|4589.10|Corriente
102146|1065|2495.66|Corriente
102147|1066|2403.09|Corriente
102148|1066|8782.25|Corriente
102149|1067|4407.03|Ahorros
102150|1068|1719.87|Corriente
102151|1068|6852.81|Ahorros
102152|1069|7244.12|Corriente
102153|1069|6470.69|Corriente
102154|1069|7059.31|Ahorros
102155|1070|4030.34|Ahorros
102156|1070|8867.25|Ahorros
102157|1070|4436.95|Corriente
102158|1071|3276.01|Ahorros
102159|1072|1164.88|Corriente
102160|1073|5491.53|Ahorros
102161|1074|1404.35|Ahorros
102162|1074|6171.44|Corriente
102163|1074|2837.45|Corriente
102164|1075|9575.56|Ahorros
102165|1075|5891.32|Ahorros
102166|1076|2682.93|Ahorros
102167|1076|4773.75|Corriente
102168|1076|7791.75|Corriente
102169|1077|264.13|Ahorros
102170|1077|3768.93|Corriente
102171|1077|5943.69|Corriente
102172|1078|7313.92|Ahorros
102173|1078|8662.46|Corriente
102174|1079|1741.57|Corriente
102175|1080|489.11|Ahorros
102176|1081|7978.50|Corriente
102177|1082|7127.12|Ahorros
102178|1082|1112.45|Corriente
102179|1082|7079.39|Ahorros
102180|1083|5779.54|Ahorros
102181|1084|1660.19|Ahorros
102182|1084|5890.75|Corriente
102183|1085|1201.64|Ahorros
102184|1086|1804.32|Corriente
102185|1086|8335.59|Ahorros
102186|1086|2697.46|Ahorros
102187|1087|3081.60|Corriente
102188|1087|9038.16|Corriente
102189|1087|2495.68|Corriente
102190|1088|1412.92|Corriente
102191|1088|9498.79|Ahorros
102192|1089|7907.46|Corriente
102193|1090|2676.93|Corriente
102194|1091|6283.02|Ahorros
102195|1092|7163.31|Ahorros
102196|1092|9648.41|Ahorros
102197|1092|9910.25|Ahorros
102198|1093|8205.14|Ahorros
102199|1093|5965.26|Corriente
102200|1093|5873.37|Ahorros
102201|1094|3882.14|Ahorros
102202|1094|2524.36|Corriente
102203|1094|7427.09|Ahorros
102204|1095|8166.22|Corriente
102205|1096|1283.67|Ahorros
102206|1096|3339.28|Corriente
102207|1097|5364.78|Ahorros
102208|1097|3192.90|Corriente
102209|1097|8303.35|Corriente
102210|1098|5728.00|Corriente
102211|1099|8946.62|Corriente
102212|1099|9333.66|Corriente
102213|1100|8842.24|Ahorros
102214|1100|6689.95|Corriente
102215|1100|9012.35|Corriente
102216|1101|4409.32|Corriente
102217|1101|3441.49|Ahorros
102218|1101|2965.57|Ahorros
102219|1102|7766.69|Corriente
102220|1103|3310.11|Corriente
102221|1104|5661.93|Corriente
102222|1104|5997.44|Ahorros
102223|1105|8787.48|Corriente
102224|1105|5767.53|Ahorros
102225|1105|1710.80|Ahorros
102226|1106|8870.70|Ahorros
102227|1107|5901.48|Ahorros
102228|1108|5045.47|Corriente
102229|1109|3168.31|Corriente
102230|1109|6136.15|Corriente
102231|1110|420.91|Ahorros
102232|1110|7041.17|Ahorros
102233|1110|4400.81|Corriente
102234|1111|1915.94|Ahorros
102235|1111|6019.92|Ahorros
102236|1111|673.32|Ahorros
102237|1112|5412.24|Corriente
102238|1112|7979.38|Ahorros
102239|1113|3166.27|Ahorros
102240|1113|4789.48|Corriente
102241|1114|7451.15|Ahorros
102242|1115|124.30|Ahorros
102243|1115|1946.28|Corriente
102244|1115|7544.25|Corriente
102245|1116|2373.68|Corriente
102246|1116|3195.32|Corriente
102247|1117|1691.70|Ahorros
102248|1118|3637.89|Corriente
102249|1118|9342.90|Corriente
102250|1119|6783.22|Ahorros
102251|1120|3436.01|Ahorros
102252|1121|6683.24|Corriente
102253|1121|2578.16|Ahorros
102254|1122|2235.91|Corriente
102255|1123|9565.90|Ahorros
102256|1123|9504.74|Corriente
102257|1124|8956.77|Ahorros
102258|1124|3356.00|Corriente
102259|1125|5659.27|Corriente
102260|1125|3788.12|Corriente
102261|1126|8001.99|Ahorros
102262|1126|3207.64|Corriente
102263|1127|2964.95|Corriente
102264|1127|1760.68|Ahorros
102265|1128|6427.53|Corriente
102266|1128|3556.97|Corriente
102267|1128|3463.01|Corriente
102268|1129|8158.36|Corriente
102269|1129|332.47|Ahorros
102270|1129|9270.15|Corriente
102271|1130|2870.14|Corriente
102272|1130|8302.23|Ahorros
102273|1130|9029.20|Ahorros
102274|1131|7819.42|Corriente
102275|1131|6765.37|Ahorros
102276|1132|5868.83|Corriente
102277|1132|6498.15|Ahorros
102278|1132|3408.91|Ahorros
102279|1133|5494.02|Ahorros
102280|1133|1710.80|Corriente
102281|1133|7759.75|Corriente
102282|1134|3471.63|Ahorros
102283|1135|4333.76|Corriente
102284|1136|8928.97|Ahorros
102285|1136|4417.66|Ahorros
102286|1137|6372.09|Ahorros
102287|1137|9320.29|Ahorros
102288|1137|2228.96|Ahorros
102289|1138|8039.50|Corriente
102290|1138|8549.37|Corriente
102291|1138|7570.70|Corriente
102292|1139|1274.29|Ahorros
102293|1140|1891.09|Ahorros
102294|1140|9306.01|Corriente
102295|1141|497.49|Corriente
102296|1142|9933.50|Corriente
102297|1142|4246.95|Ahorros
102298|1142|2401.31|Ahorros
102299|1143|9791.79|Corriente
102300|1144|2180.52|Ahorros
102301|1145|7410.65|Corriente
102302|1146|5923.64|Corriente
102303|1146|1425.32|Ahorros
102304|1146|7519.13|Ahorros
102305|1147|4363.69|Ahorros
102306|1148|7469.58|Ahorros
102307|1148|4255.05|Ahorros
102308|1149|1537.39|Corriente
102309|1150|4186.85|Ahorros
102310|1150|5238.96|Ahorros
102311|1151|2043.09|Corriente
102312|1152|440.63|Ahorros
102313|1152|8791.73|Ahorros
102314|1152|5514.44|Ahorros
102315|1153|9915.49|Corriente
102316|1153|3980.13|Ahorros
102317|1153|5942.04|Corriente
102318|1154|169.44|Corriente
102319|1155|1157.82|Corriente
102320|1156|5117.35|Corriente
102321|1157|27.72|Corriente
102322|1157|4346.97|Corriente
102323|1158|4845.96|Corriente
102324|1159|5430.37|Corriente
102325|1159|1153.20|Corriente
102326|1159|1034.21|Ahorros
102327|1160|860.89|Ahorros
102328|1160|6836.01|Ahorros
102329|1161|7959.43|Corriente
102330|1161|9256.18|Ahorros
102331|1162|8557.79|Corriente
102332|1162|4306.26|Corriente
102333|1163|3434.88|Corriente
102334|1163|6828.30|Ahorros
102335|1163|9003.56|Ahorros
102336|1164|7143.59|Ahorros
102337|1164|13.36|Ahorros
102338|1165|9906.95|Ahorros
102339|1166|1219.03|Corriente
102340|1167|1851.70|Ahorros
102341|1167|5321.08|Ahorros
102342|1168|6669.32|Ahorros
102343|1168|2008.99|Corriente
102344|1168|4122.05|Ahorros
102345|1169|1261.26|Corriente
102346|1169|6044.42|Corriente
102347|1170|6798.44|Corriente
102348|1170|5706.07|Corriente
102349|1171|4414.76|Corriente
102350|1171|7546.75|Ahorros
102351|1172|6086.46|Corriente
102352|1173|8054.42|Ahorros
102353|1173|7884.72|Corriente
102354|1173|770.53|Ahorros
102355|1174|6601.23|Corriente
102356|1175|2957.08|Corriente
102357|1175|549.20|Ahorros
102358|1175|1580.01|Corriente
102359|1176|4070.94|Corriente
102360|1176|7421.85|Corriente
102361|1177|3057.59|Ahorros
102362|1177|1266.55|Corriente
102363|1177|942.21|Corriente
102364|1178|9908.50|Ahorros
102365|1179|5320.33|Ahorros
102366|1180|9251.64|Ahorros
102367|1180|166.44|Corriente
102368|1180|4247.26|Ahorros
102369|1181|6734.22|Ahorros
102370|1181|6025.48|Corriente
102371|1181|8585.87|Corriente
102372|1182|8136.45|Ahorros
102373|1183|7273.36|Ahorros
102374|1183|2484.98|Corriente
102375|1183|119.34|Ahorros
102376|1184|5431.12|Ahorros
102377|1184|878.90|Corriente
102378|1185|884.71|Ahorros
102379|1185|2324.41|Corriente
102380|1186|954.02|Corriente
102381|1187|208.81|Corriente
102382|1187|3297.56|Corriente
102383|1188|8661.44|Ahorros
102384|1188|5161.35|Ahorros
102385|1189|3671.98|Ahorros
102386|1189|2193.04|Corriente
102387|1189|2378.96|Ahorros
102388|1190|6070.31|Corriente
102389|1191|3032.28|Ahorros
102390|1192|2314.19|Corriente
102391|1192|8277.87|Ahorros
102392|1193|7963.52|Ahorros
102393|1194|7133.43|Ahorros
102394|1194|4326.14|Ahorros
102395|1194|759.95|Ahorros
102396|1195|998.49|Corriente
102397|1196|8546.76|Corriente
102398|1197|4826.51|Ahorros
102399|1197|8123.21|Corriente
102400|1197|9670.96|Corriente
102401|1198|9051.02|Ahorros
102402|1199|9493.14|Ahorros
102403|1200|5784.39|Corriente
102404|1201|7775.55|Ahorros
102405|1202|8729.04|Corriente
102406|1202|9794.22|Ahorros
102407|1202|8453.39|Corriente
102408|1203|2152.63|Ahorros
102409|1203|6610.57|Corriente
102410|1204|8094.83|Ahorros
102411|1204|2836.64|Corriente
102412|1204|2674.44|Ahorros
102413|1205|6169.15|Ahorros
102414|1205|9353.65|Corriente
102415|1206|1601.61|Ahorros
102416|1207|6186.89|Ahorros
102417|1207|6267.39|Ahorros
102418|1208|4192.11|Corriente
102419|1208|4616.06|Ahorros
102420|1209|9665.96|Ahorros
102421|1209|2841.34|Corriente
102422|1209|4405.01|Ahorros
102423|1210|4482.41|Corriente
102424|1210|5596.48|Ahorros
102425|1210|7938.20|Ahorros
102426|1211|6425.07|Corriente
102427|1212|7687.92|Corriente
102428|1212|1830.07|Ahorros
102429|1213|7542.98|Corriente
102430|1213|7231.60|Corriente
102431|1214|277.47|Corriente
102432|1214|1925.56|Corriente
102433|1215|4991.44|Ahorros
102434|1215|2406.41|Ahorros
102435|1216|1774.67|Ahorros
102436|1216|9160.87|Corriente
102437|1217|7785.84|Corriente
102438|1217|7334.13|Corriente
102439|1217|4211.21|Corriente
102440|1218|5984.66|Corriente
102441|1219|1152.80|Ahorros
102442|1220|9569.99|Ahorros
102443|1220|5630.21|Corriente
102444|1220|7231.83|Ahorros
102445|1221|5889.90|Ahorros
102446|1221|5504.84|Ahorros
102447|1221|3061.87|Corriente
102448|1222|3278.20|Corriente
102449|1223|974.85|Corriente
102450|1223|390.85|Ahorros
102451|1223|3.25|Corriente
102452|1224|2562.74|Ahorros
102453|1225|2942.06|Corriente
102454|1225|3277.19|Corriente
102455|1226|958.89|Corriente
102456|1227|3109.79|Ahorros
102457|1228|8270.49|Corriente
102458|1228|6468.94|Ahorros
102459|1228|171.37|Ahorros
102460|1229|2992.74|Corriente
102461|1230|2004.03|Corriente
102462|1230|2235.77|Corriente
102463|1230|7740.38|Ahorros
102464|1231|9663.30|Ahorros
102465|1232|1391.25|Ahorros
102466|1233|6140.33|Corriente
102467|1233|1399.27|Corriente
102468|1234|1533.32|Ahorros
102469|1234|6213.24|Corriente
102470|1235|3484.16|Corriente
102471|1236|6713.63|Corriente
102472|1236|9801.69|Ahorros
102473|1237|4510.42|Corriente
102474|1237|5457.71|Corriente
102475|1238|2811.18|Corriente
102476|1238|1024.05|Corriente
102477|1239|6190.98|Corriente
102478|1239|5372.92|Ahorros
102479|1239|7394.19|Corriente
102480|1240|7165.30|Corriente
102481|1240|3277.61|Ahorros
102482|1240|2511.67|Ahorros
102483|1241|2789.87|Corriente
102484|1242|3201.14|Corriente
102485|1242|6050.96|Corriente
102486|1242|465.60|Corriente
102487|1243|6278.31|Corriente
102488|1243|4032.93|Corriente
102489|1243|9267.42|Corriente
102490|1244|3744.15|Corriente
102491|1244|2540.47|Corriente
102492|1244|7571.36|Ahorros
102493|1245|5768.06|Corriente
102494|1246|4225.39|Ahorros
102495|1247|6369.58|Ahorros
102496|1247|3216.53|Ahorros
102497|1248|7793.71|Ahorros
102498|1248|67.12|Ahorros
102499|1249|9152.94|Ahorros
102500|1249|4156.30|Corriente
102501|1250|7414.30|Corriente
102502|1250|2023.89|Corriente
102503|1251|3180.79|Ahorros
102504|1252|7349.10|Ahorros
102505|1252|9298.74|Ahorros
102506|1252|7610.36|Ahorros
102507|1253|6960.99|Corriente
102508|1254|1224.45|Corriente
102509|1254|8943.14|Ahorros
102510|1254|4993.96|Corriente
102511|1255|3731.82|Ahorros
102512|1255|489.48|Ahorros
102513|1255|9207.76|Ahorros
102514|1256|1060.21|Ahorros
102515|1257|6796.89|Corriente
102516|1257|8742.15|Ahorros
102517|1257|7145.09|Ahorros
102518|1258|1296.53|Corriente
102519|1259|3954.60|Corriente
102520|1259|6449.04|Ahorros
102521|1260|3465.12|Corriente
102522|1261|6221.90|Corriente
102523|1261|1867.33|Ahorros
102524|1261|8165.79|Corriente
102525|1262|4007.04|Ahorros
102526|1262|5853.74|Ahorros
102527|1263|6717.97|Corriente
102528|1264|4133.51|Corriente
102529|1264|6011.83|Ahorros
102530|1264|7493.72|Corriente
102531|1265|3833.12|Corriente
102532|1265|589.04|Ahorros
102533|1266|7339.65|Ahorros
102534|1266|6494.97|Corriente
102535|1267|2305.28|Corriente
102536|1267|9886.06|Corriente
102537|1268|4610.16|Ahorros
102538|1269|6122.27|Corriente
102539|1270|6498.10|Ahorros
102540|1271|208.35|Corriente
102541|1271|274.90|Corriente
102542|1272|9543.48|Ahorros
102543|1272|244.30|Corriente
102544|1272|3103.67|Ahorros
102545|1273|8852.74|Ahorros
102546|1273|4599.58|Corriente
102547|1274|9198.07|Corriente
102548|1274|4022.47|Ahorros
102549|1275|4424.90|Corriente
102550|1275|7433.78|Corriente
102551|1276|3851.44|Corriente
102552|1276|9054.61|Corriente
102553|1276|9612.56|Corriente
102554|1277|1450.39|Ahorros
102555|1277|9848.22|Ahorros
102556|1278|1449.23|Corriente
102557|1279|4660.84|Ahorros
102558|1279|4876.39|Corriente
102559|1279|8871.02|Corriente
102560|1280|2033.76|Ahorros
102561|1281|9272.41|Corriente
102562|1281|2591.89|Ahorros
102563|1282|356.26|Ahorros
102564|1282|7787.25|Corriente
102565|1282|6776.99|Corriente
102566|1283|932.82|Ahorros
102567|1284|8348.69|Ahorros
102568|1284|4138.20|Ahorros
102569|1284|3911.81|Corriente
102570|1285|9055.55|Ahorros
102571|1285|425.63|Ahorros
102572|1285|4463.05|Ahorros
102573|1286|7888.31|Corriente
102574|1286|542.46|Corriente
102575|1287|3362.54|Ahorros
102576|1287|4080.38|Ahorros
102577|1288|9306.53|Corriente
102578|1288|5775.05|Corriente
102579|1289|5420.23|Ahorros
102580|1290|579.63|Ahorros
102581|1291|9753.93|Ahorros
102582|1291|8577.01|Corriente
102583|1291|4390.13|Corriente
102584|1292|5223.26|Corriente
102585|1293|4756.49|Ahorros
102586|1294|742.42|Corriente
102587|1295|4786.58|Ahorros
102588|1295|8000.33|Corriente
102589|1295|8946.86|Corriente
102590|1296|2168.88|Ahorros
102591|1296|2929.15|Corriente
102592|1296|7986.95|Corriente
102593|1297|7647.73|Ahorros
102594|1297|8461.28|Corriente
102595|1297|7134.37|Corriente
102596|1298|413.98|Ahorros
102597|1298|7110.20|Ahorros
102598|1299|6552.51|Corriente
102599|1300|1288.53|Corriente
102600|1300|8732.52|Corriente
102601|1301|6049.05|Ahorros
102602|1302|1095.63|Corriente
102603|1302|8500.90|Corriente
102604|1303|3678.05|Corriente
102605|1303|4433.46|Corriente
102606|1304|571.82|Ahorros
102607|1304|6988.01|Corriente
102608|1304|8363.39|Corriente
102609|1305|4062.27|Corriente
102610|1305|1258.00|Corriente
102611|1306|937.60|Ahorros
102612|1306|4260.37|Corriente
102613|1306|5532.08|Corriente
102614|1307|9766.66|Ahorros
102615|1308|4421.12|Ahorros
102616|1308|5496.89|Corriente
102617|1309|3486.22|Ahorros
102618|1310|8430.43|Ahorros
102619|1310|4092.51|Ahorros
102620|1310|6575.95|Corriente
102621|1311|1723.01|Ahorros
102622|1311|5705.63|Ahorros
102623|1311|1946.51|Ahorros
102624|1312|6956.46|Ahorros
102625|1312|1826.52|Corriente
102626|1313|6853.27|Corriente
102627|1313|5113.00|Ahorros
102628|1314|7090.75|Ahorros
102629|1315|6426.30|Ahorros
102630|1315|7991.80|Ahorros
102631|1315|7317.20|Ahorros
102632|1316|4452.47|Ahorros
102633|1317|8975.08|Ahorros
102634|1317|151.23|Corriente
102635|1317|2815.82|Corriente
102636|1318|5698.08|Ahorros
102637|1318|9931.83|Corriente
102638|1318|4362.63|Ahorros
102639|1319|8242.51|Corriente
102640|1319|1893.42|Corriente
102641|1320|5245.39|Ahorros
102642|1320|9872.91|Ahorros
102643|1321|2615.59|Ahorros
102644|1321|3418.33|Ahorros
102645|1322|9496.97|Ahorros
102646|1322|7772.62|Corriente
102647|1322|5475.45|Corriente
102648|1323|3427.63|Corriente
102649|1323|1008.16|Corriente
102650|1323|7610.36|Corriente
102651|1324|292.70|Ahorros
102652|1324|4864.66|Ahorros
102653|1324|3839.96|Ahorros
102654|1325|7918.03|Corriente
102655|1325|69.67|Corriente
102656|1325|1171.01|Ahorros
102657|1326|66.58|Ahorros
102658|1326|4372.53|Ahorros
102659|1326|7404.44|Ahorros
102660|1327|5372.98|Ahorros
102661|1327|5338.97|Ahorros
102662|1328|4912.75|Corriente
102663|1328|6968.98|Ahorros
102664|1328|3324.80|Ahorros
102665|1329|2119.16|Corriente
102666|1329|188.31|Ahorros
102667|1329|1830.99|Ahorros
102668|1330|7729.63|Ahorros
102669|1330|8642.17|Corriente
102670|1331|4576.41|Corriente
102671|1331|1615.42|Ahorros
102672|1331|4439.55|Ahorros
102673|1332|7304.44|Ahorros
102674|1333|983.70|Ahorros
102675|1333|9871.95|Ahorros
102676|1334|8194.17|Ahorros
102677|1334|7881.35|Ahorros
102678|1335|6923.17|Corriente
102679|1335|9410.00|Ahorros
102680|1335|3234.60|Corriente
102681|1336|5239.04|Ahorros
102682|1336|3199.60|Corriente
102683|1337|1850.81|Ahorros
102684|1338|3430.68|Ahorros
102685|1338|9185.52|Ahorros
102686|1338|3159.58|Corriente
102687|1339|7899.61|Corriente
102688|1339|7704.29|Corriente
102689|1340|869.99|Ahorros
102690|1340|7004.17|Corriente
102691|1340|4311.86|Ahorros
102692|1341|4957.60|Ahorros
102693|1341|7141.72|Corriente
102694|1342|4387.19|Corriente
102695|1342|6116.31|Corriente
102696|1342|5128.20|Ahorros
102697|1343|582.17|Corriente
102698|1343|3593.87|Ahorros
102699|1343|2840.62|Corriente
102700|1344|6187.98|Corriente
102701|1344|6969.11|Corriente
102702|1344|9910.49|Corriente
102703|1345|3531.75|Ahorros
102704|1345|7701.38|Corriente
102705|1346|9745.58|Ahorros
102706|1346|1556.39|Ahorros
102707|1346|5570.94|Corriente
102708|1347|6527.36|Ahorros
102709|1348|7792.63|Corriente
102710|1349|1866.89|Corriente
102711|1350|9433.29|Ahorros
102712|1351|5396.62|Ahorros
102713|1351|2432.49|Corriente
102714|1352|7612.56|Ahorros
102715|1352|6466.87|Ahorros
102716|1353|7693.11|Corriente
102717|1354|892.33|Ahorros
102718|1354|8097.94|Ahorros
102719|1355|9714.21|Ahorros
102720|1356|9122.21|Corriente
102721|1356|2794.77|Corriente
102722|1357|4978.12|Ahorros
102723|1357|8949.65|Ahorros
102724|1357|1301.20|Ahorros
102725|1358|7550.90|Corriente
102726|1359|1804.05|Ahorros
102727|1359|589.83|Ahorros
102728|1359|3791.00|Corriente
102729|1360|8925.34|Corriente
102730|1361|8203.58|Corriente
102731|1361|3435.59|Corriente
102732|1362|7465.93|Corriente
102733|1362|8020.35|Corriente
102734|1362|6250.44|Corriente
102735|1363|1605.73|Ahorros
102736|1363|7196.48|Corriente
102737|1363|73.75|Ahorros
102738|1364|8821.24|Ahorros
102739|1364|1973.02|Ahorros
102740|1364|5195.02|Ahorros
102741|1365|3780.30|Ahorros
102742|1365|4788.09|Ahorros
102743|1365|3624.69|Ahorros
102744|1366|3983.82|Ahorros
102745|1367|1986.54|Ahorros
102746|1367|281.69|Ahorros
102747|1367|724.64|Corriente
102748|1368|6574.71|Corriente
102749|1368|8888.08|Ahorros
102750|1369|6254.34|Corriente
102751|1370|1997.27|Corriente
102752|1370|4520.60|Corriente
102753|1371|5729.55|Corriente
102754|1371|5511.60|Ahorros
102755|1372|8895.41|Corriente
102756|1372|3936.30|Corriente
102757|1372|2868.35|Corriente
102758|1373|6129.34|Corriente
102759|1374|3928.73|Corriente
102760|1374|8478.86|Ahorros
102761|1374|535.46|Ahorros
102762|1375|7987.53|Ahorros
102763|1375|8990.62|Ahorros
102764|1376|6985.91|Ahorros
102765|1376|4571.20|Ahorros
102766|1376|3019.40|Ahorros
102767|1377|4470.50|Ahorros
102768|1378|9586.99|Ahorros
102769|1378|2174.76|Corriente
102770|1379|9799.96|Ahorros
102771|1379|434.05|Corriente
102772|1379|3303.17|Ahorros
102773|1380|1133.01|Corriente
102774|1380|5570.76|Corriente
102775|1380|4840.17|Ahorros
102776|1381|2913.34|Corriente
102777|1381|1836.10|Ahorros
102778|1382|4291.36|Ahorros
102779|1383|9346.40|Corriente
102780|1384|895.70|Corriente
102781|1385|549.38|Corriente
102782|1386|7759.01|Ahorros
102783|1386|3281.66|Corriente
102784|1387|3867.57|Ahorros
102785|1388|2305.48|Ahorros
102786|1388|3417.57|Corriente
102787|1389|8370.64|Ahorros
102788|1389|4840.39|Corriente
102789|1390|4826.40|Ahorros
102790|1390|3208.19|Corriente
102791|1390|9801.54|Ahorros
102792|1391|1591.23|Ahorros
102793|1391|9110.72|Ahorros
102794|1391|2266.84|Ahorros
102795|1392|5410.40|Corriente
102796|1392|8026.10|Corriente
102797|1392|4055.46|Corriente
102798|1393|19.29|Corriente
102799|1393|722.86|Ahorros
102800|1393|1797.54|Ahorros
102801|1394|8279.37|Corriente
102802|1395|8192.22|Ahorros
102803|1395|8838.58|Ahorros
102804|1396|4710.16|Corriente
102805|1396|7071.42|Corriente
102806|1396|5301.68|Corriente
102807|1397|7482.06|Corriente
102808|1398|8106.08|Ahorros
102809|1398|5697.78|Corriente
102810|1399|8418.84|Corriente
102811|1399|9916.95|Ahorros
102812|1400|4672.22|Corriente
102813|1401|9332.30|Ahorros
102814|1401|1438.02|Corriente
102815|1402|6030.33|Ahorros
102816|1402|540.38|Ahorros
102817|1403|6091.18|Ahorros
102818|1403|5799.44|Corriente
102819|1404|7537.79|Ahorros
102820|1404|8961.61|Corriente
102821|1404|9467.30|Corriente
102822|1405|5087.85|Ahorros
102823|1405|1283.11|Corriente
102824|1405|8788.50|Ahorros
102825|1406|8191.26|Corriente
102826|1406|2510.04|Corriente
102827|1406|4697.93|Corriente
102828|1407|5191.31|Ahorros
102829|1407|5118.93|Corriente
102830|1408|1111.58|Corriente
102831|1409|7179.18|Corriente
102832|1409|1524.80|Ahorros
102833|1410|969.64|Corriente
102834|1410|6478.29|Corriente
102835|1411|505.89|Ahorros
102836|1411|9301.56|Ahorros
102837|1411|63.35|Ahorros
102838|1412|4340.19|Corriente
102839|1412|5347.15|Corriente
102840|1413|8530.16|Corriente
102841|1413|6800.22|Corriente
102842|1414|7310.59|Ahorros
102843|1414|1751.90|Ahorros
102844|1415|9309.51|Ahorros
102845|1415|9297.46|Ahorros
102846|1416|7915.12|Corriente
102847|1416|3207.82|Ahorros
102848|1417|1542.45|Ahorros
102849|1417|2419.79|Ahorros
102850|1417|9438.28|Corriente
102851|1418|1620.79|Ahorros
102852|1418|3360.42|Corriente
102853|1418|1595.28|Corriente
102854|1419|7104.30|Ahorros
102855|1419|7195.04|Ahorros
102856|1420|2003.11|Ahorros
102857|1420|603.25|Corriente
102858|1420|9317.44|Ahorros
102859|1421|4554.88|Corriente
102860|1421|6537.23|Corriente
102861|1422|7371.22|Ahorros
102862|1423|6762.23|Corriente
102863|1423|7423.69|Corriente
102864|1424|812.77|Corriente
102865|1424|8384.84|Corriente
102866|1425|7025.66|Ahorros
102867|1425|221.25|Ahorros
102868|1426|1921.14|Corriente
102869|1426|5204.86|Ahorros
102870|1426|222.26|Ahorros
102871|1427|1561.52|Ahorros
102872|1428|5383.27|Ahorros
102873|1429|4005.57|Ahorros
102874|1429|1658.42|Ahorros
102875|1429|529.69|Ahorros
102876|1430|1677.50|Ahorros
102877|1431|2012.39|Corriente
102878|1431|695.16|Corriente
102879|1432|860.32|Ahorros
102880|1432|8890.85|Corriente
102881|1433|2386.62|Corriente
102882|1434|5521.02|Ahorros
102883|1434|3111.49|Corriente
102884|1435|9046.41|Ahorros
102885|1435|431.28|Corriente
102886|1435|333.92|Corriente
102887|1436|5727.86|Corriente
102888|1436|5941.73|Corriente
102889|1436|1522.07|Corriente
102890|1437|5822.66|Ahorros
102891|1437|2167.45|Ahorros
102892|1438|2736.75|Ahorros
102893|1438|5568.40|Ahorros
102894|1438|7389.90|Ahorros
102895|1439|6639.79|Corriente
102896|1440|7015.61|Corriente
102897|1440|2095.37|Corriente
102898|1440|7168.72|Corriente
102899|1441|5061.18|Corriente
102900|1442|6348.07|Ahorros
102901|1442|2425.38|Ahorros
102902|1442|7917.37|Ahorros
102903|1443|1810.01|Corriente
102904|1443|2642.79|Ahorros
102905|1443|1536.02|Ahorros
102906|1444|296.79|Ahorros
102907|1444|9626.49|Corriente
102908|1445|171.90|Corriente
102909|1445|1234.95|Ahorros
102910|1446|568.10|Ahorros
102911|1446|2040.90|Ahorros
102912|1446|215.54|Corriente
102913|1447|6865.34|Ahorros
102914|1448|4311.85|Ahorros
102915|1448|1378.76|Ahorros
102916|1449|4526.51|Corriente
102917|1449|9384.17|Corriente
102918|1450|3529.74|Corriente
102919|1451|8730.45|Corriente
102920|1452|8505.64|Corriente
102921|1453|238.17|Ahorros
102922|1453|2870.07|Ahorros
102923|1454|6441.81|Ahorros
102924|1455|3978.38|Ahorros
102925|1455|1438.66|Corriente
102926|1455|4573.80|Ahorros
102927|1456|516.43|Corriente
102928|1456|1299.55|Corriente
102929|1456|2264.91|Ahorros
102930|1457|6119.31|Corriente
102931|1458|3743.09|Ahorros
102932|1458|5598.51|Corriente
102933|1458|5588.94|Ahorros
102934|1459|7634.56|Corriente
102935|1460|579.29|Corriente
102936|1460|2727.51|Ahorros
102937|1460|2470.95|Corriente
102938|1461|9561.03|Ahorros
102939|1462|2794.74|Ahorros
102940|1462|4481.02|Corriente
102941|1462|9559.12|Corriente
102942|1463|5073.15|Corriente
102943|1463|5129.19|Corriente
102944|1464|7055.30|Ahorros
102945|1464|1835.47|Ahorros
102946|1464|836.92|Corriente
102947|1465|9105.95|Corriente
102948|1465|4218.75|Corriente
102949|1466|160.90|Corriente
102950|1466|8.99|Corriente
102951|1466|228.10|Ahorros
102952|1467|840.89|Ahorros
102953|1467|8654.84|Corriente
102954|1467|449.00|Ahorros
102955|1468|3202.91|Ahorros
102956|1468|7711.37|Corriente
102957|1469|721.46|Corriente
102958|1469|1876.82|Corriente
102959|1469|7258.15|Ahorros
102960|1470|1446.88|Ahorros
102961|1471|8765.26|Ahorros
102962|1472|3495.02|Corriente
102963|1472|1439.91|Corriente
102964|1472|620.23|Corriente
102965|1473|6460.71|Corriente
102966|1474|5732.52|Corriente
102967|1475|7749.26|Ahorros
102968|1475|4537.15|Corriente
102969|1475|9244.66|Ahorros
102970|1476|2037.46|Corriente
102971|1476|2089.20|Ahorros
102972|1476|5957.43|Corriente
102973|1477|2277.16|Ahorros
102974|1477|4874.72|Corriente
102975|1478|7182.51|Ahorros
102976|1478|161.21|Ahorros
102977|1479|8381.49|Ahorros
102978|1479|1893.79|Corriente
102979|1479|8342.97|Corriente
102980|1480|417.51|Ahorros
102981|1480|9659.61|Ahorros
102982|1481|6437.71|Ahorros
102983|1481|4050.67|Corriente
102984|1481|4290.12|Ahorros
102985|1482|9464.87|Corriente
102986|1482|4223.16|Ahorros
102987|1483|2824.08|Ahorros
102988|1483|6413.11|Ahorros
102989|1484|64.70|Corriente
102990|1485|5935.95|Corriente
102991|1485|6067.17|Corriente
102992|1486|8931.73|Corriente
102993|1486|9215.86|Corriente
102994|1487|3994.70|Ahorros
102995|1487|9159.27|Ahorros
102996|1487|193.09|Ahorros
102997|1488|6872.44|Corriente
102998|1489|7720.98|Ahorros
102999|1489|6519.84|Corriente
103000|1490|9126.82|Ahorros
103001|1491|899.74|Ahorros
103002|1491|1608.24|Corriente
103003|1492|311.44|Corriente
103004|1492|9623.61|Corriente
103005|1493|1804.06|Corriente
103006|1493|6679.01|Ahorros
103007|1493|2605.01|Ahorros
103008|1494|732.98|Corriente
103009|1495|1524.21|Ahorros
103010|1496|5897.98|Corriente
103011|1496|5689.29|Corriente
103012|1496|1920.40|Ahorros
103013|1497|2515.44|Corriente
103014|1497|3109.85|Ahorros
103015|1497|5166.19|Ahorros
103016|1498|6257.23|Corriente
103017|1499|1163.76|Ahorros
103018|1499|2823.12|Corriente
103019|1500|8285.75|Ahorros
103020|1500|10.05|Corriente
103021|1500|3136.67|Corriente
103022|1501|283.20|Ahorros
103023|1501|4715.09|Corriente
103024|1501|2958.53|Ahorros
103025|1502|2438.70|Ahorros
103026|1502|5840.19|Ahorros
103027|1503|9035.98|Ahorros
103028|1503|2711.11|Ahorros
103029|1504|6408.38|Ahorros
103030|1504|2931.85|Ahorros
103031|1505|2025.22|Corriente
103032|1505|3145.12|Corriente
103033|1506|2998.96|Corriente
103034|1507|2234.60|Corriente
103035|1507|381.87|Ahorros
103036|1507|6381.82|Corriente
103037|1508|3629.05|Ahorros
103038|1508|1112.72|Corriente
103039|1509|2752.11|Corriente
103040|1509|2148.86|Corriente
103041|1510|6811.70|Corriente
103042|1510|3592.85|Corriente
103043|1510|7404.11|Corriente
103044|1511|6781.82|Ahorros
103045|1512|7444.47|Ahorros
103046|1512|1989.26|Corriente
103047|1513|6269.28|Corriente
103048|1514|8611.94|Corriente
103049|1514|2687.59|Ahorros
103050|1515|2099.36|Ahorros
103051|1515|7072.80|Corriente
103052|1516|8330.37|Corriente
103053|1517|4916.73|Ahorros
103054|1517|504.92|Corriente
103055|1517|5621.48|Ahorros
103056|1518|6039.46|Corriente
103057|1519|9978.17|Corriente
103058|1520|4260.13|Ahorros
103059|1521|205.48|Ahorros
103060|1522|911.23|Ahorros
103061|1523|6560.65|Ahorros
103062|1523|2346.83|Corriente
103063|1523|9257.22|Ahorros
103064|1524|7353.85|Corriente
103065|1524|6708.98|Corriente
103066|1525|6910.80|Corriente
103067|1525|4841.57|Ahorros
103068|1525|1743.75|Corriente
103069|1526|7425.25|Corriente
103070|1527|3842.14|Corriente
103071|1528|3855.84|Corriente
103072|1529|6912.42|Ahorros
103073|1530|7109.99|Corriente
103074|1531|5276.50|Corriente
103075|1532|3317.34|Ahorros
103076|1533|4738.71|Ahorros
103077|1533|4503.12|Corriente
103078|1534|8106.75|Ahorros
103079|1535|7176.01|Corriente
103080|1535|4111.10|Corriente
103081|1535|3091.49|Corriente
103082|1536|7.37|Ahorros
103083|1537|7093.26|Ahorros
103084|1537|4240.19|Corriente
103085|1537|4250.31|Ahorros
103086|1538|7880.81|Corriente
103087|1539|3183.93|Corriente
103088|1539|3112.74|Ahorros
103089|1539|9472.21|Corriente
103090|1540|5914.15|Corriente
103091|1540|5912.33|Ahorros
103092|1540|4413.13|Corriente
103093|1541|8505.84|Corriente
103094|1542|2722.89|Ahorros
103095|1542|2211.21|Ahorros
103096|1543|627.42|Corriente
103097|1543|3676.19|Ahorros
103098|1544|2853.67|Ahorros
103099|1545|1130.97|Ahorros
103100|1546|2234.16|Corriente
103101|1546|9655.89|Corriente
103102|1546|1539.11|Ahorros
103103|1547|7958.23|Corriente
103104|1547|6459.26|Ahorros
103105|1548|7556.13|Ahorros
103106|1548|294.12|Ahorros
103107|1549|532.88|Corriente
103108|1549|4641.82|Corriente
103109|1550|4491.58|Corriente
103110|1551|6643.95|Corriente
103111|1552|9797.07|Ahorros
103112|1553|1928.21|Ahorros
103113|1553|1839.34|Corriente
103114|1553|3316.78|Ahorros
103115|1554|1174.68|Ahorros
103116|1554|6830.06|Corriente
103117|1555|4471.90|Corriente
103118|1555|4458.14|Ahorros
103119|1555|7974.48|Corriente
103120|1556|4513.09|Corriente
103121|1556|501.37|Ahorros
103122|1556|6149.07|Corriente
103123|1557|759.47|Corriente
103124|1557|5295.75|Ahorros
103125|1558|8922.07|Corriente
103126|1558|4366.74|Corriente
103127|1558|947.05|Ahorros
103128|1559|3025.41|Ahorros
103129|1559|769.10|Corriente
103130|1559|4560.03|Corriente
103131|1560|7370.07|Ahorros
103132|1560|5941.53|Corriente
103133|1561|6583.60|Ahorros
103134|1561|1090.60|Ahorros
103135|1562|3250.33|Corriente
103136|1562|7464.49|Ahorros
103137|1562|9925.96|Corriente
103138|1563|2471.97|Corriente
103139|1563|4562.32|Corriente
103140|1564|9008.11|Ahorros
103141|1565|0.62|Corriente
103142|1566|5984.71|Corriente
103143|1566|3942.97|Corriente
103144|1566|1203.50|Ahorros
103145|1567|5496.15|Ahorros
103146|1567|4083.14|Corriente
103147|1568|9936.60|Corriente
103148|1568|9242.12|Ahorros
103149|1569|1778.25|Corriente
103150|1569|796.09|Ahorros
103151|1569|8835.69|Corriente
103152|1570|9428.32|Ahorros
103153|1571|6731.87|Ahorros
103154|1572|97.09|Corriente
103155|1572|9575.78|Corriente
103156|1572|1708.41|Ahorros
103157|1573|9279.96|Ahorros
103158|1574|1622.91|Corriente
103159|1574|9379.16|Ahorros
103160|1575|4902.94|Corriente
103161|1575|9333.19|Corriente
103162|1576|5395.93|Corriente
103163|1576|4249.95|Ahorros
103164|1577|8919.59|Corriente
103165|1577|752.69|Ahorros
103166|1577|8665.44|Ahorros
103167|1578|5693.27|Ahorros
103168|1578|7085.95|Ahorros
103169|1579|3038.11|Corriente
103170|1579|3746.39|Ahorros
103171|1580|6895.34|Corriente
103172|1581|2600.06|Corriente
103173|1581|6530.47|Ahorros
103174|1581|5638.58|Corriente
103175|1582|1314.81|Ahorros
103176|1583|4544.64|Corriente
103177|1583|7837.78|Ahorros
103178|1584|2272.13|Corriente
103179|1584|1267.69|Corriente
103180|1584|9251.36|Corriente
103181|1585|4923.22|Corriente
103182|1586|1281.43|Corriente
103183|1587|7538.35|Ahorros
103184|1587|3072.36|Ahorros
103185|1587|4854.28|Ahorros
103186|1588|8899.15|Corriente
103187|1588|2925.97|Corriente
103188|1589|216.63|Corriente
103189|1590|8892.32|Ahorros
103190|1591|7147.62|Corriente
103191|1591|5514.08|Ahorros
103192|1592|8017.92|Ahorros
103193|1592|1265.12|Ahorros
103194|1593|9881.03|Corriente
103195|1593|8456.55|Ahorros
103196|1594|5340.29|Corriente
103197|1595|9990.49|Corriente
103198|1595|68.26|Ahorros
103199|1595|7772.68|Ahorros
103200|1596|6457.49|Ahorros
103201|1596|7996.24|Corriente
103202|1597|239.50|Ahorros
103203|1598|8345.59|Corriente
103204|1598|2417.55|Ahorros
103205|1598|8748.21|Corriente
103206|1599|5577.70|Corriente
103207|1599|7932.73|Ahorros
103208|1600|4137.09|Corriente
103209|1600|8360.04|Ahorros
103210|1601|4640.43|Corriente
103211|1601|9289.69|Ahorros
103212|1601|7347.24|Corriente
103213|1602|7254.79|Ahorros
103214|1603|3565.95|Ahorros
103215|1603|364.22|Ahorros
103216|1603|1379.17|Corriente
103217|1604|2526.97|Ahorros
103218|1605|5307.96|Ahorros
103219|1605|2894.84|Corriente
103220|1605|7062.79|Ahorros
103221|1606|8878.05|Corriente
103222|1606|8233.96|Ahorros
103223|1606|966.31|Ahorros
103224|1607|2526.72|Corriente
103225|1607|7500.58|Ahorros
103226|1608|4960.21|Ahorros
103227|1608|5332.31|Corriente
103228|1608|5520.48|Corriente
103229|1609|7553.80|Ahorros
103230|1609|3256.61|Corriente
103231|1609|1775.54|Ahorros
103232|1610|4329.63|Corriente
103233|1610|7483.49|Ahorros
103234|1611|4496.51|Ahorros
103235|1612|8329.33|Corriente
103236|1612|1112.36|Ahorros
103237|1612|621.23|Ahorros
103238|1613|9184.99|Corriente
103239|1613|4909.62|Corriente
103240|1613|790.18|Corriente
103241|1614|3538.63|Ahorros
103242|1614|1487.53|Ahorros
103243|1614|7806.42|Ahorros
103244|1615|8257.28|Ahorros
103245|1615|2877.63|Corriente
103246|1616|9727.98|Corriente
103247|1617|8803.23|Corriente
103248|1617|2104.32|Corriente
103249|1617|307.03|Ahorros
103250|1618|2770.41|Ahorros
103251|1618|5126.97|Corriente
103252|1618|9531.78|Ahorros
103253|1619|6385.77|Corriente
103254|1619|5709.12|Corriente
103255|1620|5459.94|Ahorros
103256|1620|8860.43|Corriente
103257|1621|545.74|Ahorros
103258|1621|2585.77|Corriente
103259|1621|4288.55|Ahorros
103260|1622|217.09|Ahorros
103261|1622|9929.42|Ahorros
103262|1623|413.21|Ahorros
103263|1623|5293.36|Corriente
103264|1624|5578.70|Ahorros
103265|1624|3639.12|Ahorros
103266|1625|1374.20|Corriente
103267|1625|3889.53|Ahorros
103268|1626|8984.91|Corriente
103269|1626|4013.78|Ahorros
103270|1627|5422.69|Corriente
103271|1628|8436.97|Ahorros
103272|1628|7224.81|Ahorros
103273|1628|8019.84|Corriente
103274|1629|8593.47|Ahorros
103275|1629|1954.45|Corriente
103276|1629|1738.23|Ahorros
103277|1630|7187.65|Ahorros
103278|1631|9581.73|Corriente
103279|1632|2667.87|Ahorros
103280|1633|6850.26|Ahorros
103281|1633|8415.86|Corriente
103282|1634|7470.12|Ahorros
103283|1634|8217.52|Corriente
103284|1634|7789.45|Corriente
103285|1635|6594.02|Ahorros
103286|1635|8975.32|Ahorros
103287|1636|9344.15|Corriente
103288|1636|7900.49|Corriente
103289|1637|904.04|Corriente
103290|1637|7064.33|Corriente
103291|1637|1043.34|Corriente
103292|1638|106.32|Ahorros
103293|1639|2956.42|Corriente
103294|1639|5592.63|Ahorros
103295|1639|1009.20|Ahorros
103296|1640|867.23|Corriente
103297|1640|7116.52|Corriente
103298|1640|5741.19|Corriente
103299|1641|279.15|Ahorros
103300|1641|3561.68|Ahorros
103301|1641|8661.30|Corriente
103302|1642|8552.50|Ahorros
103303|1642|679.49|Ahorros
103304|1643|3426.45|Ahorros
103305|1644|6452.46|Ahorros
103306|1645|6343.35|Corriente
103307|1645|7921.70|Ahorros
103308|1646|9552.29|Corriente
103309|1646|809.42|Corriente
103310|1646|7340.37|Corriente
103311|1647|4338.62|Corriente
103312|1647|7163.03|Ahorros
103313|1648|576.59|Ahorros
103314|1648|4088.93|Ahorros
103315|1648|8678.00|Corriente
103316|1649|2671.91|Corriente
103317|1650|7787.16|Ahorros
103318|1650|3126.97|Corriente
103319|1651|570.82|Corriente
103320|1652|9025.33|Ahorros
103321|1652|4447.54|Corriente
103322|1652|3275.38|Ahorros
103323|1653|9799.30|Ahorros
103324|1653|5925.23|Corriente
103325|1654|3942.59|Ahorros
103326|1655|2457.27|Ahorros
103327|1656|7493.09|Ahorros
103328|1656|3500.63|Corriente
103329|1657|9982.76|Ahorros
103330|1657|7226.59|Ahorros
103331|1658|9491.89|Ahorros
103332|1659|5159.03|Ahorros
103333|1659|5247.75|Ahorros
103334|1660|4911.80|Ahorros
103335|1660|4305.25|Corriente
103336|1660|6809.46|Corriente
103337|1661|8863.64|Ahorros
103338|1662|298.70|Corriente
103339|1663|1887.22|Corriente
103340|1664|9168.20|Ahorros
103341|1664|9178.50|Corriente
103342|1664|8624.83|Corriente
103343|1665|4456.04|Corriente
103344|1665|3772.87|Ahorros
103345|1666|7092.28|Corriente
103346|1667|3187.67|Corriente
103347|1667|1839.70|Corriente
103348|1668|9033.40|Corriente
103349|1668|5198.14|Corriente
103350|1668|4688.74|Corriente
103351|1669|4231.06|Ahorros
103352|1669|624.85|Ahorros
103353|1670|2992.23|Corriente
103354|1670|595.42|Corriente
103355|1671|8284.06|Ahorros
103356|1672|6620.47|Corriente
103357|1672|7975.22|Ahorros
103358|1673|8631.12|Ahorros
103359|1673|9108.42|Corriente
103360|1673|1106.91|Corriente
103361|1674|5999.90|Ahorros
103362|1674|6640.36|Ahorros
103363|1675|6926.65|Corriente
103364|1675|6566.29|Ahorros
103365|1676|9967.73|Corriente
103366|1677|3.69|Corriente
103367|1677|1854.23|Ahorros
103368|1677|3184.61|Corriente
103369|1678|5360.05|Ahorros
103370|1678|5091.71|Ahorros
103371|1679|5155.19|Corriente
103372|1679|1946.90|Corriente
103373|1680|2275.53|Corriente
103374|1680|246.04|Corriente
103375|1681|1151.00|Ahorros
103376|1681|2395.90|Corriente
103377|1682|9123.44|Ahorros
103378|1682|6145.40|Ahorros
103379|1682|8674.62|Ahorros
103380|1683|132.03|Ahorros
103381|1683|1314.61|Corriente
103382|1683|679.72|Ahorros
103383|1684|5844.43|Ahorros
103384|1684|9260.62|Ahorros
103385|1685|4150.51|Ahorros
103386|1685|7619.28|Ahorros
103387|1686|7082.55|Ahorros
103388|1687|6027.13|Ahorros
103389|1688|3573.39|Corriente
103390|1688|4693.78|Ahorros
103391|1689|6180.53|Corriente
103392|1689|17.04|Corriente
103393|1689|4864.22|Corriente
103394|1690|5146.05|Ahorros
103395|1690|1595.22|Ahorros
103396|1690|5947.68|Ahorros
103397|1691|5998.21|Corriente
103398|1692|1423.80|Corriente
103399|1692|7220.03|Corriente
103400|1692|5261.12|Ahorros
103401|1693|6821.36|Corriente
103402|1693|6546.71|Corriente
103403|1693|863.58|Corriente
103404|1694|4846.83|Corriente
103405|1694|4260.11|Ahorros
103406|1694|7912.41|Corriente
103407|1695|1708.60|Corriente
103408|1695|9910.99|Ahorros
103409|1696|9544.61|Ahorros
103410|1697|6484.79|Corriente
103411|1697|3880.53|Corriente
103412|1698|9317.49|Corriente
103413|1698|3259.96|Corriente
103414|1699|8486.48|Ahorros
103415|1699|3233.71|Ahorros
103416|1700|9554.67|Ahorros
103417|1701|9314.64|Ahorros
103418|1701|6665.79|Ahorros
103419|1702|5216.83|Ahorros
103420|1703|7715.07|Ahorros
103421|1704|1186.38|Corriente
103422|1705|8238.15|Ahorros
103423|1706|9230.48|Corriente
103424|1706|5360.77|Corriente
103425|1706|2139.16|Corriente
103426|1707|3837.25|Corriente
103427|1708|9008.62|Corriente
103428|1708|3449.03|Ahorros
103429|1708|2593.61|Ahorros
103430|1709|5236.48|Corriente
103431|1709|8056.39|Ahorros
103432|1709|9166.27|Corriente
103433|1710|8467.46|Corriente
103434|1710|6847.98|Ahorros
103435|1710|1657.08|Ahorros
103436|1711|3709.30|Ahorros
103437|1712|1233.58|Ahorros
103438|1712|2927.89|Ahorros
103439|1712|551.90|Ahorros
103440|1713|5444.46|Corriente
103441|1713|5007.10|Ahorros
103442|1713|7393.68|Corriente
103443|1714|7884.12|Corriente
103444|1715|7359.90|Ahorros
103445|1715|1951.58|Corriente
103446|1715|7874.16|Corriente
103447|1716|9736.07|Ahorros
103448|1716|8711.01|Ahorros
103449|1717|5820.95|Corriente
103450|1718|867.33|Corriente
103451|1719|3728.92|Corriente
103452|1719|698.44|Corriente
103453|1719|209.71|Corriente
103454|1720|7651.29|Corriente
103455|1720|5645.95|Ahorros
103456|1721|8987.92|Ahorros
103457|1721|4458.32|Ahorros
103458|1721|4462.30|Ahorros
103459|1722|7488.07|Ahorros
103460|1722|6056.37|Corriente
103461|1723|1389.35|Ahorros
103462|1723|2713.86|Ahorros
103463|1723|2667.21|Ahorros
103464|1724|2658.14|Corriente
103465|1725|3494.56|Ahorros
103466|1725|1389.94|Ahorros
103467|1726|7271.09|Corriente
103468|1727|3518.68|Corriente
103469|1727|9961.69|Ahorros
103470|1728|6457.74|Ahorros
103471|1728|8981.54|Ahorros
103472|1728|580.06|Corriente
103473|1729|2347.21|Corriente
103474|1729|7140.60|Ahorros
103475|1729|526.52|Ahorros
103476|1730|1750.27|Ahorros
103477|1731|2524.05|Corriente
103478|1732|1748.66|Ahorros
103479|1733|7230.79|Ahorros
103480|1733|1848.90|Ahorros
103481|1733|5773.18|Ahorros
103482|1734|5796.38|Corriente
103483|1734|1643.06|Corriente
103484|1735|4809.44|Corriente
103485|1735|958.32|Corriente
103486|1735|1224.51|Ahorros
103487|1736|9917.35|Corriente
103488|1737|2181.89|Ahorros
103489|1737|738.63|Ahorros
103490|1737|3938.90|Corriente
103491|1738|5561.87|Ahorros
103492|1738|9190.42|Corriente
103493|1739|8641.23|Corriente
103494|1740|9805.94|Ahorros
103495|1741|4491.78|Corriente
103496|1741|1991.88|Ahorros
103497|1742|8365.31|Ahorros
103498|1742|3562.01|Corriente
103499|1743|8152.80|Ahorros
103500|1744|4241.94|Corriente
103501|1745|2010.31|Ahorros
103502|1745|496.01|Ahorros
103503|1746|9052.80|Ahorros
103504|1747|6494.15|Corriente
103505|1747|8697.46|Ahorros
103506|1747|750.06|Ahorros
103507|1748|197.81|Corriente
103508|1748|4619.77|Corriente
103509|1748|6179.29|Ahorros
103510|1749|8740.36|Corriente
103511|1749|3377.91|Ahorros
103512|1749|1967.89|Ahorros
103513|1750|8127.19|Corriente
103514|1751|8580.86|Ahorros
103515|1751|6217.76|Corriente
103516|1752|8191.38|Ahorros
103517|1752|5200.98|Ahorros
103518|1753|7892.41|Corriente
103519|1754|7178.62|Ahorros
103520|1754|7698.08|Corriente
103521|1755|254.88|Ahorros
103522|1755|3566.66|Ahorros
103523|1755|7478.70|Ahorros
103524|1756|1924.39|Corriente
103525|1757|9459.36|Corriente
103526|1757|4685.86|Ahorros
103527|1757|6268.37|Ahorros
103528|1758|720.58|Ahorros
103529|1759|1508.12|Corriente
103530|1759|623.63|Corriente
103531|1760|8238.09|Corriente
103532|1761|8263.63|Ahorros
103533|1762|7687.52|Corriente
103534|1762|394.70|Corriente
103535|1762|7552.26|Ahorros
103536|1763|8282.39|Corriente
103537|1763|3424.45|Corriente
103538|1764|4810.94|Ahorros
103539|1764|9755.03|Ahorros
103540|1765|2415.47|Corriente
103541|1765|1888.26|Corriente
103542|1766|2339.99|Ahorros
103543|1767|9196.94|Ahorros
103544|1767|3295.44|Ahorros
103545|1768|3508.29|Ahorros
103546|1769|6659.46|Corriente
103547|1769|9545.87|Corriente
103548|1770|8229.65|Ahorros
103549|1770|5183.83|Ahorros
103550|1771|4877.72|Ahorros
103551|1771|5717.72|Ahorros
103552|1771|5052.63|Corriente
103553|1772|423.84|Corriente
103554|1772|385.21|Corriente
103555|1772|7189.31|Corriente
103556|1773|666.48|Ahorros
103557|1774|1193.84|Corriente
103558|1775|2671.25|Corriente
103559|1775|6947.58|Ahorros
103560|1776|4770.95|Ahorros
103561|1776|2037.94|Ahorros
103562|1777|4719.40|Ahorros
103563|1777|601.73|Ahorros
103564|1777|3189.46|Ahorros
103565|1778|9866.94|Ahorros
103566|1779|9562.81|Corriente
103567|1779|7561.00|Ahorros
103568|1780|140.35|Ahorros
103569|1781|600.58|Ahorros
103570|1781|8738.53|Ahorros
103571|1782|6160.37|Corriente
103572|1782|5429.13|Ahorros
103573|1782|9860.85|Corriente
103574|1783|4686.88|Corriente
103575|1783|3168.86|Ahorros
103576|1784|3644.62|Corriente
103577|1784|3825.45|Ahorros
103578|1785|7708.75|Ahorros
103579|1785|4428.27|Ahorros
103580|1785|471.89|Ahorros
103581|1786|1562.36|Ahorros
103582|1786|8413.56|Ahorros
103583|1787|1391.10|Ahorros
103584|1787|9319.70|Ahorros
103585|1787|5543.91|Corriente
103586|1788|5001.96|Ahorros
103587|1788|1280.17|Corriente
103588|1788|4228.21|Corriente
103589|1789|8040.16|Ahorros
103590|1790|9213.87|Ahorros
103591|1790|35.66|Corriente
103592|1791|1717.39|Ahorros
103593|1791|353.33|Corriente
103594|1791|6268.10|Ahorros
103595|1792|7371.49|Corriente
103596|1793|2843.51|Ahorros
103597|1793|8172.23|Ahorros
103598|1793|2327.40|Ahorros
103599|1794|2876.38|Corriente
103600|1794|3911.54|Corriente
103601|1794|6196.09|Corriente
103602|1795|1469.48|Ahorros
103603|1795|9101.10|Ahorros
103604|1796|8351.18|Corriente
103605|1797|747.13|Corriente
103606|1797|2376.83|Corriente
103607|1798|4765.41|Corriente
103608|1798|5352.18|Corriente
103609|1799|1157.45|Corriente
103610|1800|1737.74|Ahorros
103611|1800|6064.18|Corriente
103612|1800|7603.29|Corriente
103613|1801|3159.85|Ahorros
103614|1801|9438.17|Corriente
103615|1801|8421.00|Ahorros
103616|1802|7084.03|Corriente
103617|1803|6549.87|Ahorros
103618|1803|5537.46|Corriente
103619|1804|602.83|Corriente
103620|1805|6810.55|Corriente
103621|1805|9233.59|Ahorros
103622|1806|636.44|Ahorros
103623|1806|354.99|Ahorros
103624|1807|9341.70|Corriente
103625|1807|1161.67|Corriente
103626|1808|1151.82|Corriente
103627|1808|4116.68|Corriente
103628|1808|2113.77|Ahorros
103629|1809|2928.88|Corriente
103630|1809|1474.79|Ahorros
103631|1809|4106.99|Corriente
103632|1810|4995.99|Ahorros
103633|1810|4174.37|Ahorros
103634|1810|695.18|Ahorros
103635|1811|419.09|Ahorros
103636|1811|8834.87|Ahorros
103637|1811|3498.97|Corriente
103638|1812|8138.56|Ahorros
103639|1812|7590.36|Ahorros
103640|1813|4345.82|Ahorros
103641|1814|2243.67|Corriente
103642|1814|7826.69|Ahorros
103643|1815|7977.19|Ahorros
103644|1815|2756.56|Ahorros
103645|1816|5661.21|Ahorros
103646|1816|8562.84|Ahorros
103647|1816|4442.11|Corriente
103648|1817|9586.71|Corriente
103649|1818|8449.09|Corriente
103650|1819|6499.96|Ahorros
103651|1819|4717.70|Corriente
103652|1820|4736.24|Ahorros
103653|1820|9695.56|Corriente
103654|1821|1283.19|Ahorros
103655|1821|962.19|Corriente
103656|1822|1892.10|Ahorros
103657|1822|6148.62|Ahorros
103658|1823|2565.87|Ahorros
103659|1824|6811.54|Corriente
103660|1824|6495.37|Ahorros
103661|1824|6415.36|Corriente
103662|1825|712.61|Ahorros
103663|1825|9102.39|Ahorros
103664|1826|8491.75|Corriente
103665|1827|1720.23|Corriente
103666|1827|6351.60|Ahorros
103667|1828|1053.12|Corriente
103668|1828|6114.29|Ahorros
103669|1829|2646.38|Ahorros
103670|1829|1027.30|Ahorros
103671|1830|9226.52|Ahorros
103672|1830|1971.99|Ahorros
103673|1830|8519.18|Corriente
103674|1831|4621.31|Ahorros
103675|1831|3157.41|Ahorros
103676|1832|3626.03|Ahorros
103677|1833|9356.57|Corriente
103678|1833|9012.41|Ahorros
103679|1834|9656.64|Corriente
103680|1834|9303.61|Corriente
103681|1835|909.79|Corriente
103682|1835|7297.63|Corriente
103683|1835|5107.23|Corriente
103684|1836|2144.51|Ahorros
103685|1836|4342.23|Corriente
103686|1836|3931.11|Corriente
103687|1837|982.39|Ahorros
103688|1837|2137.09|Ahorros
103689|1838|7035.52|Corriente
103690|1838|4020.37|Corriente
103691|1838|9630.12|Ahorros
103692|1839|239.83|Corriente
103693|1840|1128.55|Corriente
103694|1841|2880.31|Ahorros
103695|1842|3655.09|Ahorros
103696|1842|9671.47|Corriente
103697|1842|2986.21|Ahorros
103698|1843|2513.99|Corriente
103699|1843|9041.82|Corriente
103700|1843|6387.88|Ahorros
103701|1844|524.43|Ahorros
103702|1844|3827.40|Corriente
103703|1844|8203.75|Ahorros
103704|1845|8422.14|Corriente
103705|1845|1425.46|Ahorros
103706|1846|6762.39|Ahorros
103707|1846|8210.93|Corriente
103708|1846|9685.82|Ahorros
103709|1847|2411.49|Corriente
103710|1847|1675.01|Ahorros
103711|1848|8326.13|Ahorros
103712|1848|2749.02|Corriente
103713|1848|3400.20|Corriente
103714|1849|5317.92|Corriente
103715|1849|8027.67|Corriente
103716|1849|7259.68|Ahorros
103717|1850|4299.20|Corriente
103718|1850|4914.70|Ahorros
103719|1850|6264.60|Corriente
103720|1851|7487.79|Corriente
103721|1852|8746.97|Corriente
103722|1852|4420.75|Corriente
103723|1852|1948.26|Corriente
103724|1853|8235.80|Ahorros
103725|1854|4748.13|Corriente
103726|1855|9403.45|Corriente
103727|1856|816.95|Corriente
103728|1856|462.69|Corriente
103729|1856|1528.00|Ahorros
103730|1857|6758.42|Ahorros
103731|1857|4235.93|Corriente
103732|1857|2308.17|Corriente
103733|1858|3254.73|Corriente
103734|1859|8819.27|Ahorros
103735|1860|8204.22|Ahorros
103736|1860|642.11|Ahorros
103737|1860|4823.95|Corriente
103738|1861|9729.08|Ahorros
103739|1862|2694.20|Ahorros
103740|1863|5675.16|Ahorros
103741|1864|615.21|Ahorros
103742|1865|8549.01|Corriente
103743|1865|6927.64|Corriente
103744|1865|6918.78|Ahorros
103745|1866|5896.84|Corriente
103746|1867|1746.05|Corriente
103747|1867|2961.17|Ahorros
103748|1867|1361.22|Corriente
103749|1868|5105.23|Corriente
103750|1868|2948.56|Ahorros
103751|1868|4880.79|Ahorros
103752|1869|9899.85|Ahorros
103753|1869|6189.97|Corriente
103754|1869|3515.28|Ahorros
103755|1870|9033.15|Ahorros
103756|1871|9345.29|Ahorros
103757|1871|8986.86|Corriente
103758|1872|5167.22|Corriente
103759|1873|8494.91|Ahorros
103760|1873|7941.68|Corriente
103761|1873|861.85|Ahorros
103762|1874|8739.69|Ahorros
103763|1874|434.97|Corriente
103764|1874|9059.07|Ahorros
103765|1875|8358.02|Ahorros
103766|1876|6755.59|Corriente
103767|1876|2616.12|Ahorros
103768|1876|3468.80|Ahorros
103769|1877|9545.18|Ahorros
103770|1878|9011.16|Corriente
103771|1878|2067.72|Corriente
103772|1879|9413.83|Corriente
103773|1879|1693.48|Corriente
103774|1879|3912.74|Corriente
103775|1880|3064.24|Ahorros
103776|1880|8472.54|Corriente
103777|1881|1171.93|Corriente
103778|1881|6828.19|Ahorros
103779|1881|9302.47|Corriente
103780|1882|8544.83|Ahorros
103781|1882|2926.17|Corriente
103782|1883|1734.24|Corriente
103783|1884|5316.42|Corriente
103784|1884|7043.89|Corriente
103785|1884|8799.84|Corriente
103786|1885|2257.02|Ahorros
103787|1885|2698.41|Ahorros
103788|1885|7188.66|Ahorros
103789|1886|9120.63|Ahorros
103790|1886|2829.72|Ahorros
103791|1887|4932.67|Corriente
103792|1888|6920.56|Corriente
103793|1888|8127.24|Corriente
103794|1889|3876.15|Ahorros
103795|1890|743.37|Ahorros
103796|1890|6208.33|Ahorros
103797|1891|1813.07|Ahorros
103798|1892|5035.94|Ahorros
103799|1892|5402.72|Corriente
103800|1893|933.90|Corriente
103801|1893|4963.97|Ahorros
103802|1893|5828.81|Corriente
103803|1894|8688.75|Corriente
103804|1894|2696.53|Corriente
103805|1895|5905.86|Ahorros
103806|1896|574.97|Ahorros
103807|1896|4636.97|Corriente
103808|1896|7992.03|Corriente
103809|1897|266.49|Ahorros
103810|1898|1982.08|Ahorros
103811|1899|4370.44|Ahorros
103812|1899|3074.90|Corriente
103813|1899|5076.81|Ahorros
103814|1900|8497.29|Ahorros
103815|1900|9916.60|Corriente
103816|1901|8858.33|Ahorros
103817|1901|4912.90|Corriente
103818|1901|143.79|Ahorros
103819|1902|5073.37|Corriente
103820|1902|4072.50|Corriente
103821|1902|4953.59|Ahorros
103822|1903|5803.05|Ahorros
103823|1903|7962.50|Ahorros
103824|1904|477.32|Ahorros
103825|1904|5666.22|Ahorros
103826|1905|7816.11|Corriente
103827|1906|3038.07|Ahorros
103828|1906|1276.54|Ahorros
103829|1906|8459.64|Corriente
103830|1907|2569.49|Corriente
103831|1908|730.07|Ahorros
103832|1909|7813.69|Ahorros
103833|1909|9816.20|Ahorros
103834|1910|3942.74|Corriente
103835|1910|1360.48|Corriente
103836|1910|6021.09|Ahorros
103837|1911|4124.62|Ahorros
103838|1911|3265.91|Ahorros
103839|1911|839.93|Corriente
103840|1912|4737.50|Corriente
103841|1913|7203.52|Ahorros
103842|1914|853.23|Corriente
103843|1914|4720.21|Corriente
103844|1915|1751.99|Corriente
103845|1915|4920.89|Corriente
103846|1916|7764.76|Ahorros
103847|1917|2142.51|Ahorros
103848|1917|6363.54|Corriente
103849|1918|836.00|Ahorros
103850|1919|8414.54|Corriente
103851|1920|5805.33|Ahorros
103852|1920|8453.94|Ahorros
103853|1921|1332.27|Ahorros
103854|1922|7176.66|Ahorros
103855|1923|5789.81|Ahorros
103856|1924|4191.67|Corriente
103857|1924|6482.94|Corriente
103858|1924|7096.35|Corriente
103859|1925|2340.38|Corriente
103860|1925|7157.74|Corriente
103861|1926|2439.78|Ahorros
103862|1926|4534.54|Corriente
103863|1927|3489.65|Ahorros
103864|1928|7011.86|Ahorros
103865|1928|7990.84|Corriente
103866|1929|9746.31|Corriente
103867|1930|9069.24|Ahorros
103868|1931|4299.33|Ahorros
103869|1931|820.22|Ahorros
103870|1932|6879.41|Ahorros
103871|1933|2914.64|Corriente
103872|1933|5317.75|Ahorros
103873|1933|6016.19|Corriente
103874|1934|2455.13|Ahorros
103875|1935|2932.34|Corriente
103876|1936|7237.55|Ahorros
103877|1936|9640.88|Corriente
103878|1936|9283.78|Ahorros
103879|1937|5772.71|Corriente
103880|1937|8357.87|Corriente
103881|1937|44.26|Ahorros
103882|1938|7755.88|Ahorros
103883|1938|1604.64|Corriente
103884|1938|2823.26|Corriente
103885|1939|3362.25|Ahorros
103886|1940|1581.87|Corriente
103887|1940|8928.25|Corriente
103888|1941|9904.93|Ahorros
103889|1941|8932.00|Corriente
103890|1941|5676.58|Corriente
103891|1942|1055.74|Ahorros
103892|1942|3020.23|Corriente
103893|1942|1133.97|Ahorros
103894|1943|3494.79|Corriente
103895|1943|9181.41|Ahorros
103896|1943|4684.60|Ahorros
103897|1944|6913.66|Corriente
103898|1944|4292.02|Ahorros
103899|1944|6057.02|Corriente
103900|1945|339.69|Corriente
103901|1945|3779.00|Corriente
103902|1945|6488.78|Ahorros
103903|1946|5877.87|Corriente
103904|1946|9672.09|Corriente
103905|1947|8202.91|Ahorros
103906|1948|4645.71|Ahorros
103907|1948|7547.62|Corriente
103908|1949|962.70|Corriente
103909|1950|5841.58|Corriente
103910|1951|1691.70|Ahorros
103911|1951|4403.87|Corriente
103912|1952|5050.66|Ahorros
103913|1952|1786.36|Ahorros
103914|1953|5349.92|Ahorros
103915|1953|3671.93|Ahorros
103916|1953|2284.38|Ahorros
103917|1954|2459.18|Ahorros
103918|1955|2791.47|Ahorros
103919|1956|7066.95|Ahorros
103920|1956|5325.53|Corriente
103921|1957|9192.82|Corriente
103922|1958|5969.93|Ahorros
103923|1958|6810.17|Corriente
103924|1958|9419.59|Ahorros
103925|1959|3856.69|Ahorros
103926|1960|4877.95|Ahorros
103927|1960|4723.33|Corriente
103928|1960|8353.00|Corriente
103929|1961|3565.29|Corriente
103930|1961|3601.36|Corriente
103931|1961|9693.55|Ahorros
103932|1962|8723.92|Ahorros
103933|1963|6468.06|Ahorros
103934|1963|8232.92|Ahorros
103935|1963|2899.01|Corriente
103936|1964|8501.79|Ahorros
103937|1964|4592.07|Corriente
103938|1964|9442.25|Ahorros
103939|1965|7968.62|Corriente
103940|1965|1787.98|Ahorros
103941|1966|8871.59|Corriente
103942|1967|7422.14|Corriente
103943|1968|5041.90|Ahorros
103944|1968|9118.33|Ahorros
103945|1969|6187.97|Corriente
103946|1969|4599.28|Corriente
103947|1969|8246.71|Ahorros
103948|1970|8769.93|Corriente
103949|1970|3531.04|Corriente
103950|1970|4729.44|Corriente
103951|1971|4887.90|Corriente
103952|1972|3913.52|Corriente
103953|1972|9068.81|Ahorros
103954|1973|7184.85|Ahorros
103955|1974|9107.24|Corriente
103956|1975|6253.60|Ahorros
103957|1975|2048.16|Corriente
103958|1976|1338.14|Ahorros
103959|1976|8284.88|Corriente
103960|1976|6003.60|Corriente
103961|1977|2423.75|Ahorros
103962|1977|7592.68|Ahorros
103963|1977|9855.39|Corriente
103964|1978|7677.77|Corriente
103965|1978|7774.83|Corriente
103966|1978|899.36|Corriente
103967|1979|6262.23|Ahorros
103968|1980|3540.45|Ahorros
103969|1980|2279.95|Corriente
103970|1980|6534.05|Ahorros
103971|1981|9363.40|Ahorros
103972|1982|3134.33|Corriente
103973|1982|7910.92|Corriente
103974|1982|6752.71|Corriente
103975|1983|5970.79|Ahorros
103976|1983|2646.97|Ahorros
103977|1984|1959.65|Corriente
103978|1984|9008.02|Ahorros
103979|1984|7336.80|Ahorros
103980|1985|9397.73|Ahorros
103981|1985|517.84|Corriente
103982|1985|9973.62|Ahorros
103983|1986|152.00|Corriente
103984|1987|1225.20|Corriente
103985|1988|2889.49|Corriente
103986|1988|2499.86|Corriente
103987|1989|3182.59|Ahorros
103988|1990|7504.44|Ahorros
103989|1991|1865.60|Corriente
103990|1992|6852.86|Corriente
103991|1992|4044.70|Ahorros
103992|1992|3233.68|Corriente
103993|1993|8850.82|Ahorros
103994|1993|9283.97|Ahorros
103995|1994|5660.14|Corriente
103996|1995|7566.28|Corriente
103997|1995|8089.76|Corriente
103998|1996|3090.04|Ahorros
103999|1997|6593.18|Ahorros
104000|1997|6185.24|Ahorros
104001|1997|952.89|Corriente
104002|1998|797.64|Ahorros
104003|1999|7080.52|Corriente
104004|1999|5894.49|Corriente
104005|2000|6126.53|Corriente
104006|2000|1531.65|Ahorros
104007|2001|5851.15|Ahorros
104008|2001|9137.69|Ahorros
104009|2002|2138.67|Ahorros
104010|2002|3887.48|Corriente
104011|2002|9284.96|Corriente
104012|2003|1043.08|Ahorros
104013|2003|8737.36|Corriente
104014|2003|7345.89|Corriente
104015|2004|1655.44|Ahorros
104016|2004|8257.48|Corriente
104017|2004|9296.93|Ahorros
104018|2005|78.61|Ahorros
104019|2005|7500.17|Ahorros
104020|2005|5514.42|Ahorros
104021|2006|7643.99|Ahorros
104022|2007|3748.27|Corriente
104023|2007|2134.69|Corriente
104024|2007|4008.31|Corriente
104025|2008|9541.61|Corriente
104026|2009|1656.02|Corriente
104027|2009|9011.81|Corriente
104028|2009|1037.19|Ahorros
104029|2010|4561.72|Ahorros
104030|2010|9770.06|Ahorros
104031|2011|8138.74|Ahorros
104032|2011|7477.25|Corriente
104033|2011|4484.76|Ahorros
104034|2012|4999.88|Corriente
