ID_CUENTA|ID_CLIENTE|SALDO|TIPO_CUENTA
104035|2012|6289.81|Corriente
104036|2013|2050.21|Ahorros
104037|2014|3228.39|Corriente
104038|2015|9532.39|Ahorros
104039|2015|8595.75|Corriente
104040|2015|3991.76|Ahorros
104041|2016|4599.64|Ahorros
104042|2016|8983.91|Corriente
104043|2017|3403.48|Corriente
104044|2018|4255.65|Ahorros
104045|2018|6935.67|Corriente
104046|2019|6350.65|Ahorros
104047|2020|4024.19|Corriente
104048|2020|2688.64|Ahorros
104049|2020|4201.76|Corriente
104050|2021|2904.75|Ahorros
104051|2021|8500.43|Corriente
104052|2021|2482.51|Corriente
104053|2022|7885.88|Corriente
104054|2023|9229.72|Ahorros
104055|2023|4241.65|Corriente
104056|2024|2763.43|Corriente
104057|2025|9945.55|Corriente
104058|2025|2010.41|Corriente
104059|2025|1661.47|Corriente
104060|2026|1272.26|Corriente
104061|2026|3598.01|Ahorros
104062|2027|1728.82|Corriente
104063|2027|9556.05|Ahorros
104064|2027|1411.63|Ahorros
104065|2028|4838.76|Corriente
104066|2029|4983.80|Corriente
104067|2029|2163.70|Ahorros
104068|2029|2567.38|Corriente
104069|2030|9814.89|Corriente
104070|2030|9000.94|Ahorros
104071|2030|6939.09|Corriente
104072|2031|9970.69|Ahorros
104073|2031|860.46|Corriente
104074|2032|7727.92|Ahorros
104075|2032|1697.99|Corriente
104076|2032|5700.47|Corriente
104077|2033|2693.25|Ahorros
104078|2033|9459.16|Ahorros
104079|2033|6113.91|Corriente
104080|2034|6169.60|Ahorros
104081|2034|3118.92|Corriente
104082|2034|1054.19|Ahorros
104083|2035|4639.22|Ahorros
104084|2036|7472.64|Corriente
104085|2036|4971.16|Ahorros
104086|2036|5947.67|Corriente
104087|2037|5903.07|Corriente
104088|2037|8135.94|Corriente
104089|2038|1086.92|Ahorros
104090|2039|5974.57|Corriente
104091|2040|4943.22|Corriente
104092|2041|5199.03|Corriente
104093|2041|1539.73|Ahorros
104094|2041|7000.02|Ahorros
104095|2042|6437.01|Corriente
104096|2042|4692.69|Corriente
104097|2043|44.83|Corriente
104098|2043|1097.87|Corriente
104099|2044|4268.58|Corriente
104100|2045|5019.64|Corriente
104101|2046|9908.73|Ahorros
104102|2046|5540.01|Ahorros
104103|2047|7893.79|Corriente
104104|2047|5153.44|Ahorros
104105|2048|2648.72|Ahorros
104106|2048|1830.56|Corriente
104107|2049|6379.96|Ahorros
104108|2049|7671.05|Corriente
104109|2050|6531.10|Corriente
104110|2050|7135.13|Ahorros
104111|2051|1294.22|Corriente
104112|2052|5110.03|Ahorros
104113|2053|5889.55|Corriente
104114|2053|2121.36|Ahorros
104115|2054|6543.40|Ahorros
104116|2054|5798.26|Corriente
104117|2055|5836.03|Corriente
104118|2055|5138.58|Corriente
104119|2055|5574.46|Ahorros
104120|2056|7378.20|Corriente
104121|2057|5406.41|Ahorros
104122|2057|8462.36|Ahorros
104123|2058|2990.55|Ahorros
104124|2058|857.77|Corriente
104125|2059|4723.90|Corriente
104126|2059|2618.84|Ahorros
104127|2060|9966.21|Ahorros
104128|2061|707.17|Corriente
104129|2061|1660.27|Corriente
104130|2061|3984.12|Ahorros
104131|2062|3308.84|Ahorros
104132|2062|4544.35|Ahorros
104133|2063|1545.09|Corriente
104134|2064|9827.97|Corriente
104135|2064|7698.58|Corriente
104136|2065|3326.23|Ahorros
104137|2065|6605.03|Corriente
104138|2065|3976.35|Ahorros
104139|2066|3197.50|Ahorros
104140|2067|3205.20|Corriente
104141|2067|5174.51|Corriente
104142|2068|5970.80|Corriente
104143|2068|2631.02|Ahorros
104144|2069|9999.48|Corriente
104145|2069|6661.36|Corriente
104146|2070|7518.03|Corriente
104147|2070|575.50|Ahorros
104148|2070|4323.18|Corriente
104149|2071|2067.90|Corriente
104150|2072|1739.09|Ahorros
104151|2072|3971.01|Corriente
104152|2072|2992.65|Ahorros
104153|2073|2961.87|Corriente
104154|2073|6117.23|Corriente
104155|2074|3280.59|Corriente
104156|2075|1752.99|Corriente
104157|2075|6717.35|Ahorros
104158|2075|2117.76|Ahorros
104159|2076|7181.41|Corriente
104160|2076|2882.30|Corriente
104161|2076|9412.06|Ahorros
104162|2077|5077.30|Ahorros
104163|2078|484.08|Ahorros
104164|2078|1075.87|Ahorros
104165|2078|7625.55|Corriente
104166|2079|2395.40|Ahorros
104167|2079|953.30|Corriente
104168|2079|7604.28|Corriente
104169|2080|8835.03|Ahorros
104170|2080|3566.33|Ahorros
104171|2080|3098.47|Corriente
104172|2081|5806.66|Ahorros
104173|2081|4179.94|Ahorros
104174|2082|7302.82|Ahorros
104175|2082|1595.27|Ahorros
104176|2083|8090.05|Corriente
104177|2084|5222.06|Corriente
104178|2085|5359.43|Corriente
104179|2085|1691.95|Ahorros
104180|2085|8812.21|Corriente
104181|2086|4128.59|Corriente
104182|2087|976.50|Ahorros
104183|2088|5981.36|Corriente
104184|2089|4004.93|Corriente
104185|2090|297.67|Ahorros
104186|2090|9290.25|Ahorros
104187|2091|1030.67|Ahorros
104188|2091|4427.59|Ahorros
104189|2091|8914.17|Corriente
104190|2092|7018.62|Ahorros
104191|2092|4911.42|Ahorros
104192|2093|3531.53|Corriente
104193|2093|9086.96|Corriente
104194|2094|7257.79|Ahorros
104195|2094|1179.27|Corriente
104196|2095|7433.35|Ahorros
104197|2095|4607.66|Ahorros
104198|2096|7564.08|Ahorros
104199|2097|9814.27|Corriente
104200|2097|6006.27|Ahorros
104201|2097|4437.32|Corriente
104202|2098|4035.56|Ahorros
104203|2098|8172.90|Corriente
104204|2099|9808.53|Corriente
104205|2099|1871.61|Ahorros
104206|2099|5845.26|Corriente
104207|2100|8508.11|Ahorros
104208|2100|4857.18|Ahorros
104209|2100|3743.62|Ahorros
104210|2101|2626.74|Corriente
104211|2101|6209.69|Corriente
104212|2102|7795.90|Corriente
104213|2102|9625.27|Corriente
104214|2102|3544.85|Ahorros
104215|2103|6529.15|Corriente
104216|2103|7116.10|Ahorros
104217|2103|6071.97|Corriente
104218|2104|481.16|Corriente
104219|2105|9625.40|Corriente
104220|2105|7834.28|Ahorros
104221|2106|1185.87|Corriente
104222|2106|4975.55|Ahorros
104223|2106|5857.45|Ahorros
104224|2107|3081.32|Corriente
104225|2108|2335.46|Corriente
104226|2109|5265.38|Corriente
104227|2110|6289.20|Corriente
104228|2110|7632.11|Corriente
104229|2110|2037.65|Corriente
104230|2111|8476.70|Ahorros
104231|2111|9428.09|Corriente
104232|2112|1020.20|Ahorros
104233|2112|1337.38|Corriente
104234|2113|8465.04|Ahorros
104235|2113|7898.77|Corriente
104236|2114|9912.92|Ahorros
104237|2114|5338.86|Corriente
104238|2114|1315.01|Ahorros
104239|2115|2296.53|Ahorros
104240|2115|6909.76|Corriente
104241|2116|8379.72|Ahorros
104242|2116|6747.09|Corriente
104243|2116|8870.95|Ahorros
104244|2117|3231.24|Corriente
104245|2117|2987.87|Ahorros
104246|2118|4981.38|Corriente
104247|2119|4081.38|Corriente
104248|2119|8670.24|Ahorros
104249|2120|9682.67|Corriente
104250|2120|11.18|Ahorros
104251|2121|8505.31|Corriente
104252|2121|9698.10|Ahorros
104253|2122|7732.87|Ahorros
104254|2122|6588.36|Corriente
104255|2122|5224.96|Ahorros
104256|2123|9565.41|Ahorros
104257|2123|5317.05|Corriente
104258|2123|9089.31|Ahorros
104259|2124|2049.85|Ahorros
104260|2124|1618.39|Ahorros
104261|2124|3512.96|Corriente
104262|2125|9584.46|Corriente
104263|2126|9166.69|Ahorros
104264|2126|3539.60|Ahorros
104265|2126|5935.50|Corriente
104266|2127|3058.73|Ahorros
104267|2127|6097.57|Ahorros
104268|2127|3284.78|Ahorros
104269|2128|9240.08|Ahorros
104270|2128|660.99|Ahorros
104271|2128|7547.50|Corriente
104272|2129|8165.47|Corriente
104273|2129|6121.07|Corriente
104274|2129|3659.12|Ahorros
104275|2130|7150.93|Corriente
104276|2130|9258.30|Corriente
104277|2131|4821.40|Corriente
104278|2131|8244.28|Ahorros
104279|2131|2060.07|Ahorros
104280|2132|7687.76|Corriente
104281|2132|1462.46|Ahorros
104282|2133|8923.92|Ahorros
104283|2133|731.90|Ahorros
104284|2133|5053.49|Ahorros
104285|2134|9037.73|Ahorros
104286|2134|5989.57|Ahorros
104287|2134|3724.43|Corriente
104288|2135|3962.83|Ahorros
104289|2135|8314.36|Corriente
104290|2135|7082.13|Corriente
104291|2136|8272.56|Corriente
104292|2137|2381.96|Ahorros
104293|2138|9058.55|Corriente
104294|2138|6809.82|Ahorros
104295|2138|2939.32|Ahorros
104296|2139|470.14|Corriente
104297|2139|257.26|Ahorros
104298|2140|7725.05|Ahorros
104299|2140|1066.78|Corriente
104300|2140|80.23|Corriente
104301|2141|6965.21|Ahorros
104302|2141|1889.72|Corriente
104303|2141|8706.21|Corriente
104304|2142|5879.83|Ahorros
104305|2143|4535.69|Corriente
104306|2143|4370.47|Corriente
104307|2144|267.28|Ahorros
104308|2144|9303.64|Corriente
104309|2145|2980.54|Ahorros
104310|2145|8809.20|Ahorros
104311|2145|5908.51|Ahorros
104312|2146|7209.80|Ahorros
104313|2147|9189.69|Corriente
104314|2147|8075.13|Ahorros
104315|2147|8043.23|Ahorros
104316|2148|7711.68|Ahorros
104317|2149|6938.21|Ahorros
104318|2150|9903.88|Ahorros
104319|2151|4653.60|Corriente
104320|2151|309.83|Ahorros
104321|2152|2591.19|Corriente
104322|2153|4315.54|Corriente
104323|2153|5542.33|Corriente
104324|2153|8048.14|Ahorros
104325|2154|9687.14|Ahorros
104326|2154|1043.86|Ahorros
104327|2154|70.60|Corriente
104328|2155|7835.19|Corriente
104329|2155|9514.96|Ahorros
104330|2155|8937.21|Ahorros
104331|2156|4936.70|Ahorros
104332|2156|2326.43|Ahorros
104333|2157|5860.12|Corriente
104334|2158|7734.73|Corriente
104335|2158|2381.82|Ahorros
104336|2159|2908.62|Corriente
104337|2159|4401.08|Ahorros
104338|2159|9160.91|Corriente
104339|2160|9554.14|Corriente
104340|2160|634.90|Corriente
104341|2161|6766.27|Corriente
104342|2161|1170.22|Corriente
104343|2162|5700.71|Ahorros
104344|2162|3521.47|Corriente
104345|2162|7385.16|Ahorros
104346|2163|9855.72|Corriente
104347|2163|9602.65|Ahorros
104348|2163|3468.63|Ahorros
104349|2164|2618.42|Corriente
104350|2164|9495.80|Ahorros
104351|2164|7893.11|Ahorros
104352|2165|5058.75|Ahorros
104353|2166|4205.96|Ahorros
104354|2166|2121.20|Ahorros
104355|2167|4224.78|Corriente
104356|2167|4351.81|Corriente
104357|2168|809.96|Corriente
104358|2169|1494.69|Corriente
104359|2169|944.49|Ahorros
104360|2170|5061.74|Corriente
104361|2170|1465.98|Ahorros
104362|2171|8897.47|Corriente
104363|2172|2355.60|Corriente
104364|2173|7524.27|Corriente
104365|2173|4643.15|Ahorros
104366|2174|1297.44|Corriente
104367|2175|75.41|Ahorros
104368|2175|6598.69|Ahorros
104369|2176|1397.08|Corriente
104370|2177|8348.51|Ahorros
104371|2177|701.57|Ahorros
104372|2178|4106.45|Ahorros
104373|2178|6644.99|Ahorros
104374|2179|245.81|Corriente
104375|2180|5204.04|Corriente
104376|2180|7860.70|Corriente
104377|2181|5449.71|Ahorros
104378|2181|3930.48|Corriente
104379|2181|2122.81|Corriente
104380|2182|2115.30|Ahorros
104381|2182|6322.88|Corriente
104382|2182|348.51|Corriente
104383|2183|2848.09|Ahorros
104384|2183|518.52|Corriente
104385|2183|7717.99|Corriente
104386|2184|4399.81|Ahorros
104387|2185|7585.95|Ahorros
104388|2185|5067.32|Corriente
104389|2186|3984.80|Ahorros
104390|2187|6241.43|Corriente
104391|2188|9456.93|Corriente
104392|2188|899.58|Ahorros
104393|2188|1498.23|Ahorros
104394|2189|1692.86|Corriente
104395|2189|7858.97|Corriente
104396|2189|8209.75|Corriente
104397|2190|4235.49|Corriente
104398|2190|7088.50|Ahorros
104399|2191|6279.69|Corriente
104400|2191|917.14|Corriente
104401|2192|9714.07|Corriente
104402|2192|4099.99|Corriente
104403|2192|7616.60|Ahorros
104404|2193|621.71|Ahorros
104405|2193|1784.69|Corriente
104406|2194|8858.54|Ahorros
104407|2194|5791.06|Ahorros
104408|2194|8866.92|Ahorros
104409|2195|4783.27|Ahorros
104410|2195|1272.08|Corriente
104411|2196|2936.88|Ahorros
104412|2197|7742.73|Corriente
104413|2197|2034.71|Corriente
104414|2198|7109.30|Ahorros
104415|2198|7453.13|Ahorros
104416|2199|4867.25|Corriente
104417|2200|656.26|Ahorros
104418|2201|5445.36|Corriente
104419|2202|9687.39|Ahorros
104420|2202|2409.61|Ahorros
104421|2203|8037.73|Corriente
104422|2203|2098.55|Ahorros
104423|2204|2333.57|Ahorros
104424|2204|6182.25|Ahorros
104425|2205|9195.19|Corriente
104426|2205|2961.60|Corriente
104427|2206|4704.60|Corriente
104428|2206|4501.23|Corriente
104429|2206|6994.38|Corriente
104430|2207|3591.58|Corriente
104431|2207|4230.17|Ahorros
104432|2207|1147.60|Ahorros
104433|2208|7040.01|Ahorros
104434|2209|6329.58|Corriente
104435|2209|3651.78|Ahorros
104436|2210|7123.01|Corriente
104437|2210|524.24|Corriente
104438|2211|9498.84|Corriente
104439|2211|521.53|Ahorros
104440|2212|4263.35|Ahorros
104441|2212|9112.10|Corriente
104442|2213|1339.86|Ahorros
104443|2214|4600.17|Ahorros
104444|2214|1109.14|Ahorros
104445|2214|7929.85|Corriente
104446|2215|2552.19|Corriente
104447|2215|5936.19|Corriente
104448|2216|242.80|Corriente
104449|2217|8691.43|Corriente
104450|2218|1430.88|Ahorros
104451|2219|2151.58|Corriente
104452|2219|9309.16|Corriente
104453|2220|1618.54|Ahorros
104454|2220|9549.37|Ahorros
104455|2220|1253.90|Corriente
104456|2221|7116.15|Ahorros
104457|2221|1265.39|Corriente
104458|2221|2402.41|Corriente
104459|2222|1680.96|Ahorros
104460|2223|4100.96|Ahorros
104461|2224|4190.23|Corriente
104462|2224|8468.37|Ahorros
104463|2224|9424.02|Ahorros
104464|2225|4083.02|Ahorros
104465|2225|1862.35|Corriente
104466|2226|8709.94|Ahorros
104467|2227|7176.48|Ahorros
104468|2227|7329.17|Ahorros
104469|2228|7340.76|Ahorros
104470|2229|9690.70|Ahorros
104471|2230|8478.99|Ahorros
104472|2230|2424.04|Corriente
104473|2230|2794.73|Ahorros
104474|2231|635.82|Corriente
104475|2231|9977.22|Ahorros
104476|2231|2867.00|Ahorros
104477|2232|1158.66|Corriente
104478|2233|9909.80|Corriente
104479|2233|1552.17|Corriente
104480|2234|2428.51|Ahorros
104481|2235|5972.19|Ahorros
104482|2236|4284.24|Corriente
104483|2236|6804.12|Corriente
104484|2236|5571.36|Corriente
104485|2237|5558.54|Ahorros
104486|2237|2590.72|Corriente
104487|2237|4216.15|Corriente
104488|2238|2969.98|Ahorros
104489|2238|1177.24|Corriente
104490|2238|4519.90|Corriente
104491|2239|2254.45|Ahorros
104492|2239|529.84|Ahorros
104493|2240|2088.37|Ahorros
104494|2240|9360.16|Corriente
104495|2241|4852.42|Corriente
104496|2241|1785.38|Ahorros
104497|2241|7725.32|Ahorros
104498|2242|9256.44|Corriente
104499|2243|2038.18|Corriente
104500|2243|4213.94|Ahorros
104501|2243|8253.99|Corriente
104502|2244|3409.92|Corriente
104503|2245|9849.61|Corriente
104504|2245|8100.38|Corriente
104505|2245|6095.74|Corriente
104506|2246|3150.29|Ahorros
104507|2246|7659.13|Ahorros
104508|2247|2305.98|Ahorros
104509|2247|1578.63|Ahorros
104510|2248|899.83|Ahorros
104511|2248|8298.85|Corriente
104512|2248|7638.74|Ahorros
104513|2249|4074.02|Corriente
104514|2250|7805.08|Corriente
104515|2250|4400.23|Corriente
104516|2250|5974.45|Ahorros
104517|2251|4371.06|Ahorros
104518|2251|8987.03|Ahorros
104519|2252|9498.28|Ahorros
104520|2252|8140.99|Ahorros
104521|2253|3976.32|Corriente
104522|2253|6683.18|Corriente
104523|2254|4292.54|Ahorros
104524|2254|6528.61|Ahorros
104525|2255|9566.47|Ahorros
104526|2255|1440.27|Corriente
104527|2256|6846.14|Ahorros
104528|2256|2945.18|Corriente
104529|2256|7844.48|Ahorros
104530|2257|7313.99|Corriente
104531|2257|7739.67|Corriente
104532|2257|8563.51|Corriente
104533|2258|9178.41|Ahorros
104534|2259|338.54|Ahorros
104535|2259|1315.48|Corriente
104536|2259|9711.72|Corriente
104537|2260|8203.50|Corriente
104538|2260|5526.56|Corriente
104539|2260|2182.28|Ahorros
104540|2261|849.05|Corriente
104541|2261|8104.49|Corriente
104542|2261|8581.10|Corriente
104543|2262|5190.18|Ahorros
104544|2263|4737.84|Ahorros
104545|2263|945.62|Ahorros
104546|2264|4807.27|Ahorros
104547|2265|3437.11|Ahorros
104548|2266|4894.57|Ahorros
104549|2267|8714.72|Corriente
104550|2268|1758.75|Ahorros
104551|2269|3730.84|Ahorros
104552|2270|1382.51|Ahorros
104553|2271|2993.73|Ahorros
104554|2271|8611.51|Ahorros
104555|2272|2468.82|Corriente
104556|2273|5164.86|Corriente
104557|2273|3147.14|Ahorros
104558|2274|5930.09|Ahorros
104559|2274|613.06|Ahorros
104560|2274|3252.96|Corriente
104561|2275|9549.53|Ahorros
104562|2276|1927.93|Ahorros
104563|2276|1487.93|Ahorros
104564|2277|3337.24|Corriente
104565|2278|6306.96|Corriente
104566|2278|177.43|Corriente
104567|2279|150.93|Corriente
104568|2279|9744.07|Corriente
104569|2279|7171.10|Corriente
104570|2280|5478.94|Corriente
104571|2280|4248.66|Corriente
104572|2281|2181.27|Ahorros
104573|2281|3721.02|Corriente
104574|2281|7572.57|Corriente
104575|2282|1169.03|Ahorros
104576|2282|7291.21|Corriente
104577|2283|1372.57|Ahorros
104578|2283|5390.69|Ahorros
104579|2284|6074.29|Ahorros
104580|2284|5273.60|Ahorros
104581|2284|1952.57|Ahorros
104582|2285|3151.10|Corriente
104583|2285|7984.83|Corriente
104584|2285|9519.76|Ahorros
104585|2286|3462.43|Ahorros
104586|2286|8477.16|Ahorros
104587|2287|140.73|Corriente
104588|2288|6696.66|Ahorros
104589|2288|8175.80|Ahorros
104590|2288|2087.60|Corriente
104591|2289|7983.22|Corriente
104592|2290|7253.39|Ahorros
104593|2290|8059.39|Ahorros
104594|2290|8147.27|Corriente
104595|2291|9858.35|Corriente
104596|2292|5860.26|Ahorros
104597|2292|3454.37|Corriente
104598|2292|3723.71|Corriente
104599|2293|4809.29|Ahorros
104600|2293|3266.51|Corriente
104601|2293|1508.61|Ahorros
104602|2294|6974.65|Ahorros
104603|2294|9430.29|Ahorros
104604|2294|8450.35|Corriente
104605|2295|3668.25|Ahorros
104606|2295|2103.12|Corriente
104607|2296|1133.83|Ahorros
104608|2297|2714.84|Corriente
104609|2297|6706.99|Ahorros
104610|2297|5659.66|Ahorros
104611|2298|1431.03|Ahorros
104612|2298|6274.50|Corriente
104613|2298|2847.85|Corriente
104614|2299|7928.26|Ahorros
104615|2299|3754.57|Ahorros
104616|2299|4666.94|Corriente
104617|2300|1956.02|Ahorros
104618|2300|6273.93|Ahorros
104619|2300|3743.56|Corriente
104620|2301|3473.47|Ahorros
104621|2301|6320.88|Ahorros
104622|2301|1048.74|Corriente
104623|2302|4316.55|Ahorros
104624|2303|8794.87|Ahorros
104625|2303|6299.18|Corriente
104626|2304|2009.84|Corriente
104627|2304|3700.65|Ahorros
104628|2305|6809.24|Ahorros
104629|2305|2303.46|Corriente
104630|2306|9603.63|Ahorros
104631|2306|1981.79|Ahorros
104632|2307|8922.78|Corriente
104633|2308|3274.00|Ahorros
104634|2309|4824.19|Ahorros
104635|2309|5846.05|Ahorros
104636|2310|5991.67|Corriente
104637|2310|7717.70|Ahorros
104638|2310|7428.36|Ahorros
104639|2311|4038.46|Ahorros
104640|2311|6728.09|Ahorros
104641|2312|2796.30|Corriente
104642|2313|8274.39|Ahorros
104643|2313|604.23|Corriente
104644|2314|8056.74|Ahorros
104645|2314|1379.95|Ahorros
104646|2315|3101.99|Corriente
104647|2315|5660.32|Corriente
104648|2316|2746.44|Ahorros
104649|2316|184.62|Ahorros
104650|2316|43.21|Corriente
104651|2317|9410.04|Ahorros
104652|2317|1878.92|Corriente
104653|2317|4942.87|Corriente
104654|2318|9617.90|Ahorros
104655|2318|6977.10|Ahorros
104656|2318|3579.68|Corriente
104657|2319|2221.77|Ahorros
104658|2319|8456.05|Ahorros
104659|2320|2376.99|Ahorros
104660|2320|2056.14|Ahorros
104661|2320|3949.54|Ahorros
104662|2321|731.74|Corriente
104663|2321|1745.55|Ahorros
104664|2322|3127.23|Ahorros
104665|2323|7170.15|Ahorros
104666|2324|7623.02|Corriente
104667|2324|6033.57|Corriente
104668|2325|5713.93|Ahorros
104669|2325|6992.25|Corriente
104670|2326|2104.88|Ahorros
104671|2326|1908.79|Corriente
104672|2327|4557.12|Ahorros
104673|2328|2862.51|Corriente
104674|2328|4810.51|Ahorros
104675|2328|1807.25|Corriente
104676|2329|1500.44|Ahorros
104677|2330|5779.20|Corriente
104678|2330|2551.97|Ahorros
104679|2331|6610.49|Ahorros
104680|2331|7611.12|Corriente
104681|2332|3936.06|Corriente
104682|2332|1572.78|Corriente
104683|2333|2807.19|Ahorros
104684|2333|4826.23|Corriente
104685|2334|5956.04|Ahorros
104686|2334|7949.87|Ahorros
104687|2335|4502.41|Ahorros
104688|2335|7170.65|Corriente
104689|2335|3030.78|Ahorros
104690|2336|24.18|Corriente
104691|2337|9959.32|Corriente
104692|2337|2679.92|Ahorros
104693|2338|1755.45|Ahorros
104694|2338|2498.99|Ahorros
104695|2339|105.11|Ahorros
104696|2340|4487.61|Corriente
104697|2340|1496.31|Ahorros
104698|2340|688.48|Corriente
104699|2341|6049.46|Corriente
104700|2342|5456.30|Ahorros
104701|2342|6715.00|Corriente
104702|2343|3266.83|Corriente
104703|2344|2749.96|Ahorros
104704|2344|7460.07|Ahorros
104705|2344|8363.21|Ahorros
104706|2345|4529.65|Corriente
104707|2346|1053.44|Corriente
104708|2346|651.59|Ahorros
104709|2347|2186.27|Ahorros
104710|2347|9976.33|Corriente
104711|2348|1998.95|Ahorros
104712|2348|7956.35|Corriente
104713|2349|2378.29|Corriente
104714|2349|7456.27|Corriente
104715|2350|445.72|Corriente
104716|2351|7658.26|Ahorros
104717|2351|6674.06|Corriente
104718|2351|1935.88|Corriente
104719|2352|3143.57|Ahorros
104720|2352|2315.04|Ahorros
104721|2352|8449.02|Corriente
104722|2353|4352.28|Corriente
104723|2353|8620.19|Ahorros
104724|2354|3379.04|Ahorros
104725|2354|4973.10|Corriente
104726|2355|2972.47|Corriente
104727|2355|6251.51|Corriente
104728|2356|6617.88|Corriente
104729|2356|589.52|Ahorros
104730|2357|5356.13|Ahorros
104731|2358|7183.28|Ahorros
104732|2358|5842.89|Corriente
104733|2358|4503.62|Corriente
104734|2359|7332.81|Ahorros
104735|2359|9380.83|Ahorros
104736|2360|9936.97|Corriente
104737|2360|3257.42|Ahorros
104738|2360|8947.71|Ahorros
104739|2361|5714.81|Corriente
104740|2361|880.74|Corriente
104741|2361|9020.05|Ahorros
104742|2362|7726.68|Corriente
104743|2362|9664.92|Corriente
104744|2362|8275.18|Ahorros
104745|2363|7100.36|Corriente
104746|2364|3595.47|Corriente
104747|2364|9450.39|Corriente
104748|2365|2428.25|Corriente
104749|2365|6740.15|Corriente
104750|2365|2452.15|Corriente
104751|2366|8598.38|Corriente
104752|2366|7580.63|Corriente
104753|2366|7689.79|Ahorros
104754|2367|3994.60|Ahorros
104755|2368|3816.72|Ahorros
104756|2368|2175.55|Corriente
104757|2368|149.87|Ahorros
104758|2369|1224.33|Corriente
104759|2370|5887.25|Ahorros
104760|2370|1148.10|Ahorros
104761|2371|2862.10|Ahorros
104762|2371|9109.97|Ahorros
104763|2371|4226.57|Corriente
104764|2372|8227.99|Ahorros
104765|2372|5287.70|Corriente
104766|2373|9621.64|Ahorros
104767|2374|315.81|Ahorros
104768|2374|4129.05|Ahorros
104769|2375|3769.29|Ahorros
104770|2376|5673.01|Ahorros
104771|2376|9123.10|Corriente
104772|2376|9663.50|Ahorros
104773|2377|7026.72|Corriente
104774|2378|7393.58|Ahorros
104775|2379|292.51|Ahorros
104776|2379|4683.57|Corriente
104777|2379|4103.01|Ahorros
104778|2380|9200.92|Corriente
104779|2381|5976.34|Ahorros
104780|2382|6015.55|Ahorros
104781|2383|163.01|Corriente
104782|2383|6361.16|Corriente
104783|2383|7588.63|Corriente
104784|2384|4088.88|Corriente
104785|2384|4736.50|Corriente
104786|2384|4577.67|Ahorros
104787|2385|9166.89|Ahorros
104788|2385|3890.22|Corriente
104789|2385|3785.63|Corriente
104790|2386|4654.35|Ahorros
104791|2387|2530.92|Ahorros
104792|2387|8398.55|Ahorros
104793|2387|800.26|Ahorros
104794|2388|2065.38|Corriente
104795|2389|944.26|Corriente
104796|2390|9241.30|Corriente
104797|2390|5802.79|Ahorros
104798|2390|5817.59|Corriente
104799|2391|5872.04|Corriente
104800|2392|4759.84|Ahorros
104801|2392|6684.76|Corriente
104802|2392|4470.01|Corriente
104803|2393|291.39|Corriente
104804|2394|6703.23|Ahorros
104805|2395|8070.26|Ahorros
104806|2395|4607.52|Ahorros
104807|2396|7595.52|Ahorros
104808|2396|2295.71|Ahorros
104809|2397|4444.23|Corriente
104810|2398|3462.54|Ahorros
104811|2399|1157.71|Ahorros
104812|2399|490.87|Ahorros
104813|2400|6788.47|Ahorros
104814|2400|885.36|Ahorros
104815|2401|9974.77|Ahorros
104816|2401|427.25|Corriente
104817|2401|7551.76|Ahorros
104818|2402|3157.27|Corriente
104819|2402|6100.69|Corriente
104820|2403|4287.35|Corriente
104821|2403|2975.96|Corriente
104822|2403|5372.46|Corriente
104823|2404|907.31|Corriente
104824|2405|625.29|Corriente
104825|2405|3598.97|Ahorros
104826|2406|8066.14|Corriente
104827|2406|9941.09|Ahorros
104828|2407|8188.89|Ahorros
104829|2408|1989.41|Corriente
104830|2408|3311.52|Corriente
104831|2409|8654.75|Corriente
104832|2409|1845.85|Ahorros
104833|2409|9065.10|Ahorros
104834|2410|4572.51|Corriente
104835|2411|8674.90|Ahorros
104836|2412|7995.00|Ahorros
104837|2412|5926.28|Ahorros
104838|2412|3519.55|Ahorros
104839|2413|392.94|Corriente
104840|2413|4513.60|Corriente
104841|2414|6139.35|Corriente
104842|2414|8982.94|Ahorros
104843|2415|6285.81|Ahorros
104844|2415|2717.11|Corriente
104845|2415|5067.71|Corriente
104846|2416|929.52|Ahorros
104847|2416|2489.20|Ahorros
104848|2416|1260.30|Ahorros
104849|2417|2719.88|Ahorros
104850|2418|9124.13|Corriente
104851|2419|6997.38|Corriente
104852|2419|1836.56|Ahorros
104853|2419|4691.27|Corriente
104854|2420|9573.93|Ahorros
104855|2420|2056.25|Ahorros
104856|2420|5432.85|Ahorros
104857|2421|1796.96|Ahorros
104858|2422|3570.59|Corriente
104859|2423|4722.61|Corriente
104860|2423|4633.10|Ahorros
104861|2424|3983.15|Corriente
104862|2424|4140.77|Ahorros
104863|2424|9964.18|Ahorros
104864|2425|7455.59|Ahorros
104865|2425|6477.12|Ahorros
104866|2426|6823.43|Corriente
104867|2426|9739.58|Ahorros
104868|2426|7913.58|Corriente
104869|2427|8918.07|Ahorros
104870|2427|5736.54|Corriente
104871|2428|1769.52|Corriente
104872|2428|7752.64|Corriente
104873|2429|4933.93|Corriente
104874|2429|1071.29|Ahorros
104875|2430|2905.14|Ahorros
104876|2431|6976.57|Ahorros
104877|2432|2848.52|Corriente
104878|2433|3427.02|Ahorros
104879|2434|1109.28|Ahorros
104880|2434|779.45|Ahorros
104881|2435|3591.66|Corriente
104882|2436|2930.09|Ahorros
104883|2436|7744.02|Corriente
104884|2437|255.55|Ahorros
104885|2437|9605.55|Ahorros
104886|2438|7273.06|Corriente
104887|2438|2576.64|Ahorros
104888|2438|9612.34|Corriente
104889|2439|2787.06|Ahorros
104890|2439|6201.74|Corriente
104891|2440|1525.27|Corriente
104892|2440|1165.60|Ahorros
104893|2441|4007.49|Corriente
104894|2442|363.73|Corriente
104895|2442|7677.95|Corriente
104896|2442|2088.72|Ahorros
104897|2443|7506.15|Ahorros
104898|2443|6167.74|Ahorros
104899|2443|7946.57|Ahorros
104900|2444|5280.16|Ahorros
104901|2444|3041.56|Corriente
104902|2445|821.99|Ahorros
104903|2445|7087.61|Corriente
104904|2445|8340.11|Corriente
104905|2446|9250.02|Ahorros
104906|2446|6646.16|Ahorros
104907|2446|2067.39|Ahorros
104908|2447|1605.26|Corriente
104909|2447|5174.16|Ahorros
104910|2447|7019.58|Corriente
104911|2448|1114.75|Corriente
104912|2449|2713.69|Ahorros
104913|2449|24.31|Corriente
104914|2450|6504.40|Ahorros
104915|2450|6949.23|Ahorros
104916|2451|8208.00|Corriente
104917|2451|7282.42|Ahorros
104918|2451|5884.36|Corriente
104919|2452|4956.73|Ahorros
104920|2452|3239.87|Ahorros
104921|2452|6242.64|Corriente
104922|2453|3378.62|Corriente
104923|2453|220.66|Corriente
104924|2453|9977.24|Corriente
104925|2454|5982.31|Corriente
104926|2454|5227.88|Corriente
104927|2455|6814.83|Corriente
104928|2456|456.98|Ahorros
104929|2457|328.60|Ahorros
104930|2457|428.38|Corriente
104931|2457|3741.63|Corriente
104932|2458|641.11|Ahorros
104933|2459|5722.95|Corriente
104934|2460|7663.16|Ahorros
104935|2460|1505.10|Corriente
104936|2460|9560.12|Ahorros
104937|2461|8033.26|Ahorros
104938|2462|6269.90|Corriente
104939|2462|5449.67|Corriente
104940|2463|2153.25|Corriente
104941|2464|3118.08|Ahorros
104942|2464|44.05|Ahorros
104943|2464|154.36|Corriente
104944|2465|1687.74|Ahorros
104945|2465|3062.70|Ahorros
104946|2465|5831.81|Ahorros
104947|2466|1188.49|Ahorros
104948|2466|3010.89|Ahorros
104949|2467|5320.38|Ahorros
104950|2468|3724.38|Corriente
104951|2469|8384.76|Ahorros
104952|2469|3060.52|Ahorros
104953|2470|2473.62|Corriente
104954|2470|3234.60|Ahorros
104955|2471|5344.32|Corriente
104956|2471|866.39|Ahorros
104957|2472|8844.48|Corriente
104958|2472|7420.70|Ahorros
104959|2473|9015.15|Ahorros
104960|2473|9965.54|Corriente
104961|2473|7001.81|Ahorros
104962|2474|6166.08|Ahorros
104963|2474|231.14|Corriente
104964|2474|5566.88|Ahorros
104965|2475|3426.30|Ahorros
104966|2475|9062.90|Ahorros
104967|2476|3757.16|Ahorros
104968|2477|6771.82|Corriente
104969|2477|4584.09|Ahorros
104970|2478|8960.99|Corriente
104971|2478|8185.87|Corriente
104972|2478|6176.38|Ahorros
104973|2479|5203.08|Ahorros
104974|2479|219.37|Corriente
104975|2479|7728.83|Ahorros
104976|2480|1293.85|Ahorros
104977|2481|14.60|Corriente
104978|2482|5458.97|Corriente
104979|2482|2352.73|Corriente
104980|2482|8368.81|Ahorros
104981|2483|7257.74|Ahorros
104982|2483|8320.42|Corriente
104983|2484|2919.89|Ahorros
104984|2484|8260.48|Corriente
104985|2484|9123.58|Ahorros
104986|2485|4060.25|Corriente
104987|2486|3216.26|Ahorros
104988|2487|6070.45|Corriente
104989|2487|5675.67|Ahorros
104990|2488|1076.64|Ahorros
104991|2488|8948.32|Ahorros
104992|2488|1016.08|Ahorros
104993|2489|4351.15|Ahorros
104994|2489|2309.25|Ahorros
104995|2489|4126.84|Corriente
104996|2490|7807.65|Corriente
104997|2491|2236.73|Corriente
104998|2492|5494.19|Ahorros
104999|2492|5238.85|Ahorros
105000|2493|2054.03|Ahorros
105001|2493|7816.74|Ahorros
105002|2493|2302.25|Ahorros
105003|2494|370.69|Corriente
105004|2494|5003.15|Corriente
105005|2494|6714.52|Corriente
105006|2495|4619.76|Corriente
105007|2495|7705.16|Ahorros
105008|2495|76.34|Corriente
105009|2496|6113.44|Corriente
105010|2496|382.54|Ahorros
105011|2496|368.21|Corriente
105012|2497|2096.74|Corriente
105013|2497|4219.83|Corriente
105014|2498|8672.75|Corriente
105015|2498|4116.15|Corriente
105016|2498|6171.40|Ahorros
105017|2499|7384.09|Ahorros
105018|2499|1152.96|Corriente
105019|2500|6493.68|Corriente
105020|2500|7252.88|Corriente
105021|2501|299.68|Ahorros
105022|2502|3633.51|Ahorros
105023|2502|7860.05|Corriente
105024|2502|7821.07|Ahorros
105025|2503|3578.78|Corriente
105026|2503|9146.82|Corriente
105027|2504|5271.19|Ahorros
105028|2504|3691.99|Corriente
105029|2504|4641.06|Corriente
105030|2505|4412.98|Ahorros
105031|2505|1312.65|Ahorros
105032|2505|2757.69|Ahorros
105033|2506|2638.82|Corriente
105034|2506|2484.17|Ahorros
105035|2507|5809.68|Corriente
105036|2507|9329.32|Corriente
105037|2507|9575.30|Corriente
105038|2508|9608.74|Corriente
105039|2509|2448.19|Ahorros
105040|2509|7691.54|Ahorros
105041|2510|9562.14|Ahorros
105042|2510|5683.76|Corriente
105043|2511|5207.58|Ahorros
105044|2512|8003.03|Corriente
105045|2513|2476.10|Ahorros
105046|2513|4189.87|Ahorros
105047|2513|6490.44|Corriente
105048|2514|9016.18|Ahorros
105049|2514|7057.60|Corriente
105050|2515|2081.91|Ahorros
105051|2515|7307.15|Ahorros
105052|2516|4859.76|Ahorros
105053|2517|5771.13|Ahorros
105054|2517|591.00|Corriente
105055|2517|4848.16|Corriente
105056|2518|9115.97|Ahorros
105057|2518|3628.00|Corriente
105058|2518|5120.04|Ahorros
105059|2519|3036.09|Corriente
105060|2519|1823.64|Ahorros
105061|2520|6800.47|Ahorros
105062|2520|6393.17|Corriente
105063|2521|8452.79|Corriente
105064|2521|9012.68|Ahorros
105065|2522|9916.80|Corriente
105066|2522|425.18|Ahorros
105067|2522|2892.28|Corriente
105068|2523|7604.08|Corriente
105069|2524|3153.73|Ahorros
105070|2524|6983.89|Corriente
105071|2525|1866.69|Corriente
105072|2526|9802.58|Corriente
105073|2526|5322.48|Ahorros
105074|2526|5926.39|Corriente
105075|2527|9475.48|Ahorros
105076|2528|6009.97|Corriente
105077|2529|7431.10|Corriente
105078|2529|4158.14|Corriente
105079|2530|9150.57|Ahorros
105080|2530|1842.18|Corriente
105081|2531|9181.94|Corriente
105082|2531|6409.02|Ahorros
105083|2531|1059.75|Ahorros
105084|2532|2714.18|Corriente
105085|2533|3028.68|Ahorros
105086|2533|7020.72|Corriente
105087|2534|4859.13|Ahorros
105088|2534|6822.55|Corriente
105089|2535|3435.40|Ahorros
105090|2535|5698.21|Corriente
105091|2535|1910.47|Corriente
105092|2536|3506.16|Corriente
105093|2537|5430.69|Ahorros
105094|2537|4788.93|Corriente
105095|2538|7365.75|Corriente
105096|2538|3696.42|Corriente
105097|2539|1182.42|Corriente
105098|2539|3866.97|Ahorros
105099|2539|8814.67|Corriente
105100|2540|9434.75|Corriente
105101|2540|1108.28|Corriente
105102|2541|6233.75|Corriente
105103|2541|2101.72|Corriente
105104|2542|5466.35|Corriente
105105|2542|6549.89|Corriente
105106|2542|8023.14|Corriente
105107|2543|9731.14|Corriente
105108|2544|7612.90|Corriente
105109|2545|3593.62|Corriente
105110|2545|4993.72|Ahorros
105111|2545|7149.69|Corriente
105112|2546|1427.45|Ahorros
105113|2547|6678.97|Ahorros
105114|2547|9437.90|Ahorros
105115|2547|2356.89|Ahorros
105116|2548|5847.62|Ahorros
105117|2548|8105.17|Ahorros
105118|2548|7823.11|Ahorros
105119|2549|797.59|Ahorros
105120|2549|3919.92|Ahorros
105121|2549|1506.01|Ahorros
105122|2550|4841.41|Ahorros
105123|2550|7089.92|Corriente
105124|2550|929.25|Corriente
105125|2551|3518.32|Corriente
105126|2551|9172.70|Corriente
105127|2552|2503.72|Ahorros
105128|2552|815.54|Ahorros
105129|2553|8019.01|Ahorros
105130|2553|1677.82|Ahorros
105131|2554|9101.77|Ahorros
105132|2554|7338.30|Ahorros
105133|2555|2723.87|Corriente
105134|2555|5879.65|Corriente
105135|2555|8925.90|Ahorros
105136|2556|3937.44|Ahorros
105137|2556|8427.48|Ahorros
105138|2557|9805.62|Ahorros
105139|2558|1732.55|Corriente
105140|2558|5928.56|Ahorros
105141|2559|3651.68|Corriente
105142|2559|7913.49|Ahorros
105143|2560|3594.28|Corriente
105144|2560|7182.84|Corriente
105145|2560|5077.68|Corriente
105146|2561|4551.94|Ahorros
105147|2561|5350.31|Corriente
105148|2562|3067.61|Corriente
105149|2562|9778.06|Ahorros
105150|2563|405.56|Corriente
105151|2564|2606.28|Corriente
105152|2565|5249.42|Ahorros
105153|2566|6971.27|Corriente
105154|2566|7049.99|Corriente
105155|2566|6767.97|Corriente
105156|2567|7508.12|Ahorros
105157|2568|6013.87|Ahorros
105158|2568|8515.10|Corriente
105159|2569|4484.19|Corriente
105160|2570|5674.08|Ahorros
105161|2570|1158.99|Ahorros
105162|2570|807.14|Ahorros
105163|2571|5834.09|Ahorros
105164|2571|2120.23|Ahorros
105165|2572|3935.70|Corriente
105166|2572|6881.16|Ahorros
105167|2572|6132.25|Corriente
105168|2573|3502.34|Ahorros
105169|2573|4957.96|Ahorros
105170|2574|717.34|Corriente
105171|2574|4447.72|Corriente
105172|2575|8714.81|Ahorros
105173|2575|266.31|Ahorros
105174|2575|980.80|Ahorros
105175|2576|8171.91|Ahorros
105176|2576|9536.81|Corriente
105177|2577|5982.34|Ahorros
105178|2577|7845.28|Corriente
105179|2577|5243.39|Ahorros
105180|2578|8626.32|Corriente
105181|2578|1566.09|Ahorros
105182|2579|1936.81|Ahorros
105183|2579|8186.55|Corriente
105184|2580|454.20|Ahorros
105185|2580|843.95|Corriente
105186|2580|1340.49|Corriente
105187|2581|5968.54|Ahorros
105188|2581|3267.72|Corriente
105189|2581|3611.67|Corriente
105190|2582|7568.94|Corriente
105191|2583|4346.55|Ahorros
105192|2584|9805.99|Corriente
105193|2584|1105.20|Corriente
105194|2585|3342.85|Corriente
105195|2585|3278.51|Ahorros
105196|2586|8259.47|Ahorros
105197|2586|1101.77|Ahorros
105198|2587|7256.65|Corriente
105199|2587|5081.14|Ahorros
105200|2587|2993.78|Corriente
105201|2588|4336.72|Corriente
105202|2588|4188.21|Corriente
105203|2589|9748.43|Ahorros
105204|2589|490.48|Ahorros
105205|2590|9750.61|Corriente
105206|2590|8254.67|Ahorros
105207|2591|266.30|Corriente
105208|2592|9390.79|Ahorros
105209|2592|8665.06|Corriente
105210|2593|8212.71|Ahorros
105211|2593|629.96|Corriente
105212|2594|3004.77|Ahorros
105213|2594|474.63|Corriente
105214|2594|4902.80|Ahorros
105215|2595|9838.88|Corriente
105216|2596|1614.81|Corriente
105217|2596|7535.20|Ahorros
105218|2596|2295.33|Ahorros
105219|2597|3280.35|Corriente
105220|2597|7940.62|Ahorros
105221|2598|593.63|Corriente
105222|2598|5370.29|Ahorros
105223|2598|308.47|Ahorros
105224|2599|7662.27|Ahorros
105225|2600|8582.84|Corriente
105226|2600|7303.57|Ahorros
105227|2601|8531.30|Corriente
105228|2601|3099.93|Ahorros
105229|2601|5282.16|Ahorros
105230|2602|1908.08|Ahorros
105231|2602|82.10|Ahorros
105232|2603|6460.58|Ahorros
105233|2604|5118.35|Ahorros
105234|2605|6818.35|Corriente
105235|2605|9895.02|Corriente
105236|2606|3994.65|Corriente
105237|2607|3438.71|Corriente
105238|2607|7175.35|Corriente
105239|2608|703.50|Ahorros
105240|2609|8121.24|Ahorros
105241|2610|4676.78|Ahorros
105242|2610|3897.60|Corriente
105243|2610|3464.66|Corriente
105244|2611|7453.36|Corriente
105245|2612|3278.29|Ahorros
105246|2612|4066.57|Ahorros
105247|2612|5626.72|Corriente
105248|2613|6476.55|Ahorros
105249|2614|5535.62|Corriente
105250|2614|6052.30|Corriente
105251|2614|8637.69|Ahorros
105252|2615|9798.85|Ahorros
105253|2615|2678.07|Ahorros
105254|2616|6474.01|Corriente
105255|2616|6847.47|Ahorros
105256|2616|4376.61|Ahorros
105257|2617|7519.50|Ahorros
105258|2617|1970.27|Corriente
105259|2617|2602.31|Corriente
105260|2618|8310.87|Ahorros
105261|2618|1935.40|Ahorros
105262|2619|8401.29|Ahorros
105263|2620|4959.50|Corriente
105264|2621|8085.47|Ahorros
105265|2621|833.81|Corriente
105266|2622|253.90|Corriente
105267|2622|4035.17|Corriente
105268|2622|7721.64|Ahorros
105269|2623|5963.44|Ahorros
105270|2623|595.41|Ahorros
105271|2623|3299.74|Corriente
105272|2624|9709.69|Corriente
105273|2624|255.28|Corriente
105274|2624|3169.63|Ahorros
105275|2625|5968.63|Ahorros
105276|2625|4127.23|Corriente
105277|2625|7284.33|Corriente
105278|2626|5464.72|Corriente
105279|2626|5063.32|Corriente
105280|2626|8740.60|Ahorros
105281|2627|6751.88|Corriente
105282|2627|9372.18|Ahorros
105283|2628|3714.76|Ahorros
105284|2628|4591.01|Corriente
105285|2629|5185.06|Corriente
105286|2629|5371.78|Ahorros
105287|2629|6039.08|Ahorros
105288|2630|4350.41|Corriente
105289|2631|4884.97|Ahorros
105290|2631|9318.34|Ahorros
105291|2631|3523.05|Corriente
105292|2632|9101.36|Corriente
105293|2632|8262.86|Corriente
105294|2632|2638.25|Ahorros
105295|2633|6732.93|Ahorros
105296|2634|7679.01|Ahorros
105297|2634|8612.81|Corriente
105298|2635|7126.94|Corriente
105299|2635|3297.01|Ahorros
105300|2635|528.31|Corriente
105301|2636|328.21|Ahorros
105302|2636|2169.03|Corriente
105303|2636|246.12|Corriente
105304|2637|5736.54|Ahorros
105305|2638|7164.62|Corriente
105306|2638|752.50|Corriente
105307|2638|6079.77|Ahorros
105308|2639|3333.12|Corriente
105309|2639|6438.26|Corriente
105310|2640|33.48|Corriente
105311|2640|4668.96|Corriente
105312|2640|9506.52|Ahorros
105313|2641|1846.06|Corriente
105314|2641|2232.73|Ahorros
105315|2642|9025.76|Ahorros
105316|2642|354.61|Corriente
105317|2643|4358.00|Ahorros
105318|2644|9332.74|Ahorros
105319|2644|6442.08|Ahorros
105320|2644|5838.72|Corriente
105321|2645|1579.90|Ahorros
105322|2646|1108.68|Ahorros
105323|2647|3628.43|Corriente
105324|2647|7758.06|Corriente
105325|2647|1228.44|Ahorros
105326|2648|5240.38|Ahorros
105327|2648|6852.14|Corriente
105328|2649|365.28|Ahorros
105329|2650|1710.50|Ahorros
105330|2650|7428.16|Ahorros
105331|2650|3743.35|Ahorros
105332|2651|7285.12|Ahorros
105333|2652|7965.93|Ahorros
105334|2653|8243.21|Ahorros
105335|2654|9423.95|Corriente
105336|2655|6599.29|Ahorros
105337|2655|5544.92|Corriente
105338|2656|4327.50|Corriente
105339|2656|3961.92|Corriente
105340|2656|6953.92|Corriente
105341|2657|5356.88|Corriente
105342|2657|1982.92|Corriente
105343|2658|2722.86|Ahorros
105344|2658|1708.88|Corriente
105345|2659|7955.62|Ahorros
105346|2659|4587.18|Corriente
105347|2660|8890.54|Corriente
105348|2660|3326.42|Corriente
105349|2660|4543.73|Ahorros
105350|2661|7812.45|Ahorros
105351|2661|7941.81|Ahorros
105352|2662|4725.04|Ahorros
105353|2662|271.99|Ahorros
105354|2662|6279.13|Corriente
105355|2663|1793.23|Corriente
105356|2663|5191.78|Ahorros
105357|2663|8994.65|Corriente
105358|2664|4504.38|Ahorros
105359|2664|7409.42|Ahorros
105360|2665|8960.21|Ahorros
105361|2666|9845.16|Ahorros
105362|2667|3606.13|Corriente
105363|2667|2534.28|Ahorros
105364|2667|3736.92|Corriente
105365|2668|8894.65|Ahorros
105366|2668|2518.30|Corriente
105367|2668|622.46|Ahorros
105368|2669|4905.82|Corriente
105369|2669|504.58|Ahorros
105370|2670|1268.62|Ahorros
105371|2670|3755.22|Ahorros
105372|2670|4570.38|Corriente
105373|2671|1698.45|Ahorros
105374|2671|1408.64|Ahorros
105375|2672|9309.71|Corriente
105376|2672|5153.02|Corriente
105377|2673|3233.38|Ahorros
105378|2673|6139.56|Ahorros
105379|2673|1196.29|Ahorros
105380|2674|733.17|Corriente
105381|2674|7193.86|Corriente
105382|2674|4373.57|Corriente
105383|2675|705.12|Corriente
105384|2676|5788.61|Ahorros
105385|2676|8536.38|Corriente
105386|2676|9950.28|Ahorros
105387|2677|2488.57|Ahorros
105388|2677|6037.54|Ahorros
105389|2677|146.20|Corriente
105390|2678|6688.94|Corriente
105391|2678|5070.97|Ahorros
105392|2678|6996.18|Ahorros
105393|2679|2342.37|Corriente
105394|2679|5134.73|Corriente
105395|2680|3093.11|Corriente
105396|2680|1747.72|Ahorros
105397|2681|9963.75|Corriente
105398|2682|3303.22|Ahorros
105399|2682|2709.21|Corriente
105400|2682|9432.27|Corriente
105401|2683|2450.19|Corriente
105402|2683|6318.99|Corriente
105403|2683|2661.17|Corriente
105404|2684|2428.95|Corriente
105405|2684|2426.15|Ahorros
105406|2685|1624.74|Corriente
105407|2685|2720.31|Corriente
105408|2686|2114.61|Ahorros
105409|2686|604.36|Ahorros
105410|2687|2924.72|Corriente
105411|2688|9328.46|Corriente
105412|2688|8818.22|Corriente
105413|2689|4336.58|Ahorros
105414|2689|6489.60|Corriente
105415|2690|4124.01|Corriente
105416|2690|6246.24|Corriente
105417|2691|7764.04|Corriente
105418|2692|2660.54|Ahorros
105419|2692|4268.21|Corriente
105420|2692|4668.23|Ahorros
105421|2693|3997.33|Corriente
105422|2693|5873.95|Ahorros
105423|2694|8825.94|Corriente
105424|2694|9712.13|Corriente
105425|2694|7799.74|Ahorros
105426|2695|1749.49|Ahorros
105427|2696|1067.38|Corriente
105428|2696|8669.17|Corriente
105429|2696|8018.50|Corriente
105430|2697|1122.53|Ahorros
105431|2697|6713.28|Ahorros
105432|2698|732.11|Ahorros
105433|2698|3967.55|Ahorros
105434|2699|5069.35|Ahorros
105435|2700|6139.47|Corriente
105436|2701|5714.20|Ahorros
105437|2702|7367.31|Corriente
105438|2702|3503.14|Ahorros
105439|2702|5844.28|Corriente
105440|2703|2374.94|Corriente
105441|2704|7272.16|Corriente
105442|2705|29.81|Corriente
105443|2705|7221.93|Corriente
105444|2706|7835.50|Corriente
105445|2706|4624.28|Corriente
105446|2707|9394.97|Ahorros
105447|2707|7115.64|Ahorros
105448|2708|8647.13|Ahorros
105449|2708|3675.96|Corriente
105450|2708|1247.16|Corriente
105451|2709|3391.38|Corriente
105452|2709|7040.60|Ahorros
105453|2709|9534.50|Ahorros
105454|2710|1505.96|Ahorros
105455|2710|9630.38|Ahorros
105456|2710|1324.31|Ahorros
105457|2711|6547.15|Ahorros
105458|2711|3246.66|Corriente
105459|2712|7347.41|Corriente
105460|2713|6562.40|Ahorros
105461|2713|1357.83|Ahorros
105462|2713|5935.52|Corriente
105463|2714|9201.32|Ahorros
105464|2715|4555.90|Ahorros
105465|2716|3234.49|Corriente
105466|2716|4418.21|Ahorros
105467|2716|7683.48|Corriente
105468|2717|905.46|Corriente
105469|2717|7582.46|Corriente
105470|2718|8589.98|Ahorros
105471|2718|7386.33|Corriente
105472|2718|8722.22|Corriente
105473|2719|5416.14|Corriente
105474|2719|7364.63|Corriente
105475|2719|1235.50|Corriente
105476|2720|5230.79|Corriente
105477|2721|3277.44|Ahorros
105478|2722|9637.96|Corriente
105479|2722|3195.71|Corriente
105480|2722|1917.39|Corriente
105481|2723|1944.97|Corriente
105482|2723|9388.59|Corriente
105483|2723|1515.43|Ahorros
105484|2724|9537.47|Ahorros
105485|2724|5892.92|Ahorros
105486|2724|9903.14|Corriente
105487|2725|5362.72|Ahorros
105488|2725|2735.09|Corriente
105489|2725|5047.85|Corriente
105490|2726|1071.48|Corriente
105491|2726|7227.98|Corriente
105492|2727|6697.54|Ahorros
105493|2727|6448.17|Ahorros
105494|2727|6247.92|Corriente
105495|2728|9207.32|Ahorros
105496|2728|2190.53|Corriente
105497|2729|1725.25|Ahorros
105498|2729|4667.98|Corriente
105499|2729|2517.95|Ahorros
105500|2730|5399.84|Ahorros
105501|2730|6990.37|Corriente
105502|2730|801.77|Corriente
105503|2731|7157.48|Ahorros
105504|2731|4658.80|Corriente
105505|2731|4079.97|Ahorros
105506|2732|6647.16|Ahorros
105507|2732|2158.75|Ahorros
105508|2732|1259.98|Corriente
105509|2733|6257.67|Ahorros
105510|2733|9372.32|Corriente
105511|2733|4534.74|Ahorros
105512|2734|8423.85|Corriente
105513|2734|8458.21|Corriente
105514|2735|7771.09|Corriente
105515|2735|5117.37|Corriente
105516|2735|5276.57|Ahorros
105517|2736|3972.51|Corriente
105518|2737|7093.24|Ahorros
105519|2737|6117.56|Corriente
105520|2737|3162.35|Corriente
105521|2738|2879.52|Corriente
105522|2739|2658.18|Corriente
105523|2739|2766.73|Corriente
105524|2739|392.11|Corriente
105525|2740|9238.50|Corriente
105526|2740|3854.65|Corriente
105527|2741|5497.99|Corriente
105528|2741|6326.77|Corriente
105529|2742|1702.56|Corriente
105530|2742|4303.67|Corriente
105531|2742|1812.69|Corriente
105532|2743|755.34|Corriente
105533|2744|9147.67|Corriente
105534|2744|1797.76|Ahorros
105535|2744|1437.90|Ahorros
105536|2745|7557.84|Ahorros
105537|2745|2324.17|Corriente
105538|2745|5561.11|Ahorros
105539|2746|4540.72|Corriente
105540|2747|9099.97|Ahorros
105541|2748|4771.88|Corriente
105542|2749|2695.50|Ahorros
105543|2749|5252.35|Corriente
105544|2749|8078.61|Ahorros
105545|2750|8888.61|Corriente
105546|2750|6048.45|Ahorros
105547|2750|8996.78|Ahorros
105548|2751|3031.54|Ahorros
105549|2752|8602.99|Ahorros
105550|2752|1066.73|Ahorros
105551|2753|8320.29|Corriente
105552|2753|5686.50|Ahorros
105553|2754|9762.50|Corriente
105554|2754|8801.85|Ahorros
105555|2754|1341.91|Corriente
105556|2755|8845.04|Ahorros
105557|2755|6764.07|Ahorros
105558|2756|2265.54|Corriente
105559|2756|4335.90|Ahorros
105560|2756|9351.65|Corriente
105561|2757|1816.75|Corriente
105562|2758|8019.76|Ahorros
105563|2758|8408.29|Corriente
105564|2758|5644.44|Corriente
105565|2759|3795.79|Corriente
105566|2759|2775.59|Corriente
105567|2760|695.93|Corriente
105568|2760|4277.79|Ahorros
105569|2761|9101.51|Ahorros
105570|2761|9386.15|Corriente
105571|2761|4164.14|Ahorros
105572|2762|1456.30|Ahorros
105573|2763|4106.98|Corriente
105574|2763|7666.39|Corriente
105575|2764|3669.66|Ahorros
105576|2765|6678.34|Ahorros
105577|2765|514.25|Corriente
105578|2765|5471.85|Ahorros
105579|2766|6880.72|Corriente
105580|2767|7030.57|Ahorros
105581|2767|357.52|Corriente
105582|2767|3151.10|Ahorros
105583|2768|6684.99|Corriente
105584|2768|4392.88|Corriente
105585|2769|1426.83|Corriente
105586|2770|1852.00|Ahorros
105587|2770|1379.02|Ahorros
105588|2771|8335.39|Ahorros
105589|2772|998.64|Ahorros
105590|2772|6027.84|Corriente
105591|2772|693.27|Ahorros
105592|2773|8115.47|Corriente
105593|2773|1981.04|Corriente
105594|2773|7438.64|Ahorros
105595|2774|3365.88|Ahorros
105596|2774|2066.64|Corriente
105597|2774|4477.23|Ahorros
105598|2775|2635.20|Corriente
105599|2775|1612.73|Ahorros
105600|2775|5506.41|Ahorros
105601|2776|1743.48|Corriente
105602|2776|1158.14|Ahorros
105603|2777|1457.74|Corriente
105604|2777|8713.58|Corriente
105605|2777|5539.53|Ahorros
105606|2778|8577.48|Corriente
105607|2779|6377.15|Corriente
105608|2780|8300.73|Corriente
105609|2780|3188.48|Corriente
105610|2781|1793.16|Corriente
105611|2781|7286.95|Corriente
105612|2781|9653.71|Ahorros
105613|2782|6583.65|Corriente
105614|2782|985.22|Ahorros
105615|2782|5582.36|Corriente
105616|2783|3383.02|Corriente
105617|2784|2016.53|Ahorros
105618|2784|6949.37|Corriente
105619|2784|8774.93|Ahorros
105620|2785|8007.73|Ahorros
105621|2785|4879.08|Ahorros
105622|2786|8525.58|Corriente
105623|2786|7321.67|Ahorros
105624|2786|5530.14|Corriente
105625|2787|8657.03|Ahorros
105626|2787|4520.06|Corriente
105627|2788|2716.95|Corriente
105628|2788|2656.63|Corriente
105629|2789|1733.71|Corriente
105630|2789|3737.87|Corriente
105631|2789|941.08|Corriente
105632|2790|6368.61|Corriente
105633|2790|6278.78|Ahorros
105634|2791|2408.14|Ahorros
105635|2792|2288.85|Ahorros
105636|2792|1957.47|Ahorros
105637|2792|6521.59|Corriente
105638|2793|4201.02|Ahorros
105639|2793|4449.55|Corriente
105640|2794|1456.98|Ahorros
105641|2795|7325.93|Ahorros
105642|2795|2118.18|Corriente
105643|2795|4967.57|Corriente
105644|2796|426.24|Ahorros
105645|2797|9306.02|Corriente
105646|2797|136.81|Ahorros
105647|2797|7906.57|Corriente
105648|2798|5109.65|Ahorros
105649|2799|634.02|Corriente
105650|2800|3085.93|Corriente
105651|2800|2677.42|Corriente
105652|2801|2614.50|Ahorros
105653|2801|8745.79|Corriente
105654|2802|3147.39|Ahorros
105655|2802|4815.59|Corriente
105656|2803|4253.25|Ahorros
105657|2804|28.97|Corriente
105658|2805|6397.15|Ahorros
105659|2805|677.26|Ahorros
105660|2806|6823.00|Corriente
105661|2806|2256.43|Corriente
105662|2807|3467.43|Corriente
105663|2807|6917.36|Ahorros
105664|2808|7137.78|Corriente
105665|2808|4036.03|Corriente
105666|2808|1198.36|Corriente
105667|2809|9140.00|Ahorros
105668|2809|8816.35|Ahorros
105669|2809|8457.28|Ahorros
105670|2810|8914.03|Ahorros
105671|2810|5845.83|Corriente
105672|2811|6289.22|Corriente
105673|2812|7813.63|Corriente
105674|2812|7250.33|Ahorros
105675|2812|328.72|Ahorros
105676|2813|4270.58|Corriente
105677|2814|7978.49|Corriente
105678|2815|3926.91|Corriente
105679|2815|1675.96|Corriente
105680|2816|8672.06|Corriente
105681|2817|2571.90|Ahorros
105682|2818|7847.65|Corriente
105683|2818|2219.15|Ahorros
105684|2818|6208.32|Corriente
105685|2819|6150.73|Corriente
105686|2820|8082.91|Ahorros
105687|2820|3447.78|Corriente
105688|2821|6373.32|Ahorros
105689|2821|938.88|Ahorros
105690|2821|9792.83|Corriente
105691|2822|8181.40|Ahorros
105692|2822|4908.78|Corriente
105693|2823|3752.00|Ahorros
105694|2823|6573.66|Ahorros
105695|2824|6605.05|Corriente
105696|2824|5433.67|Ahorros
105697|2824|4249.18|Ahorros
105698|2825|8666.14|Ahorros
105699|2825|3706.83|Ahorros
105700|2825|7665.72|Corriente
105701|2826|296.89|Ahorros
105702|2826|5538.81|Ahorros
105703|2827|5583.10|Ahorros
105704|2828|5249.80|Corriente
105705|2828|5127.06|Ahorros
105706|2829|800.39|Ahorros
105707|2830|6040.43|Ahorros
105708|2831|1326.53|Corriente
105709|2831|3462.50|Ahorros
105710|2832|19.84|Corriente
105711|2832|4799.29|Corriente
105712|2833|8056.82|Ahorros
105713|2833|8194.76|Ahorros
105714|2834|5885.91|Ahorros
105715|2834|7402.08|Corriente
105716|2835|762.93|Corriente
105717|2836|5901.12|Corriente
105718|2837|8176.29|Ahorros
105719|2838|2130.77|Corriente
105720|2839|9537.47|Corriente
105721|2839|4834.13|Ahorros
105722|2839|3598.85|Ahorros
105723|2840|3476.72|Ahorros
105724|2841|8935.25|Corriente
105725|2841|923.95|Corriente
105726|2841|7780.13|Corriente
105727|2842|8340.90|Corriente
105728|2842|9211.83|Ahorros
105729|2843|4881.58|Corriente
105730|2844|220.23|Ahorros
105731|2844|5974.90|Corriente
105732|2844|8123.92|Corriente
105733|2845|3458.54|Corriente
105734|2845|6368.76|Ahorros
105735|2845|3470.21|Corriente
105736|2846|907.11|Ahorros
105737|2846|8700.36|Ahorros
105738|2846|247.39|Corriente
105739|2847|1808.95|Ahorros
105740|2847|5267.77|Ahorros
105741|2848|7702.14|Corriente
105742|2848|1075.04|Ahorros
105743|2849|6093.78|Corriente
105744|2849|9671.42|Corriente
105745|2850|6546.67|Ahorros
105746|2850|5923.60|Corriente
105747|2851|7505.86|Corriente
105748|2851|6155.22|Corriente
105749|2851|1943.32|Ahorros
105750|2852|63.82|Ahorros
105751|2852|6652.95|Ahorros
105752|2852|121.11|Ahorros
105753|2853|5298.39|Ahorros
105754|2853|886.54|Ahorros
105755|2854|1685.73|Ahorros
105756|2855|4026.84|Ahorros
105757|2855|6615.67|Corriente
105758|2855|7692.46|Ahorros
105759|2856|552.78|Corriente
105760|2857|7189.76|Corriente
105761|2857|1132.59|Ahorros
105762|2858|4648.53|Corriente
105763|2858|3919.19|Corriente
105764|2858|8187.62|Corriente
105765|2859|2551.12|Corriente
105766|2860|4799.33|Ahorros
105767|2860|7403.95|Corriente
105768|2861|278.68|Ahorros
105769|2862|9961.48|Ahorros
105770|2863|3430.32|Ahorros
105771|2863|3913.14|Corriente
105772|2864|3202.61|Ahorros
105773|2864|4493.58|Corriente
105774|2865|1007.15|Corriente
105775|2865|6825.61|Ahorros
105776|2866|2882.94|Corriente
105777|2866|3289.76|Corriente
105778|2867|9768.83|Ahorros
105779|2868|1137.01|Ahorros
105780|2869|3234.85|Corriente
105781|2869|2680.90|Ahorros
105782|2869|3183.56|Corriente
105783|2870|158.08|Corriente
105784|2870|1053.24|Ahorros
105785|2871|7723.88|Corriente
105786|2872|7027.99|Corriente
105787|2872|4931.59|Ahorros
105788|2872|6498.19|Ahorros
105789|2873|699.34|Corriente
105790|2874|5577.12|Ahorros
105791|2874|1006.08|Ahorros
105792|2874|3690.36|Ahorros
105793|2875|300.74|Corriente
105794|2875|587.51|Corriente
105795|2876|9895.67|Corriente
105796|2876|7090.04|Ahorros
105797|2877|9824.79|Corriente
105798|2877|904.21|Corriente
105799|2877|6889.17|Corriente
105800|2878|7894.79|Corriente
105801|2878|3845.18|Ahorros
105802|2879|1849.50|Ahorros
105803|2879|858.31|Ahorros
105804|2880|4841.34|Ahorros
105805|2881|3094.73|Ahorros
105806|2882|9513.94|Ahorros
105807|2882|4233.34|Corriente
105808|2882|2355.69|Ahorros
105809|2883|101.67|Ahorros
105810|2883|3035.33|Ahorros
105811|2884|2322.30|Ahorros
105812|2884|6995.47|Ahorros
105813|2884|4458.30|Corriente
105814|2885|656.64|Ahorros
105815|2886|3962.95|Corriente
105816|2887|9626.45|Corriente
105817|2888|8207.89|Ahorros
105818|2888|3415.56|Corriente
105819|2889|7569.46|Ahorros
105820|2889|9169.98|Ahorros
105821|2890|3290.95|Ahorros
105822|2890|5658.66|Ahorros
105823|2891|1322.03|Corriente
105824|2891|9978.93|Ahorros
105825|2892|1559.28|Corriente
105826|2892|8745.77|Ahorros
105827|2892|3482.41|Corriente
105828|2893|5765.31|Ahorros
105829|2893|4365.61|Corriente
105830|2894|8151.90|Ahorros
105831|2894|2484.89|Ahorros
105832|2895|8973.53|Ahorros
105833|2895|2373.48|Ahorros
105834|2895|30.35|Corriente
105835|2896|8069.23|Ahorros
105836|2896|3217.83|Corriente
105837|2896|1856.16|Ahorros
105838|2897|38.64|Ahorros
105839|2897|2970.77|Corriente
105840|2897|3862.94|Corriente
105841|2898|8138.39|Corriente
105842|2898|256.89|Ahorros
105843|2898|9415.09|Corriente
105844|2899|4130.45|Ahorros
105845|2900|5226.27|Ahorros
105846|2900|1551.48|Ahorros
105847|2901|4174.41|Ahorros
105848|2901|7147.67|Corriente
105849|2902|7895.21|Corriente
105850|2902|6836.68|Ahorros
105851|2902|9333.58|Corriente
105852|2903|4228.43|Corriente
105853|2903|8365.58|Corriente
105854|2903|121.22|Ahorros
105855|2904|9388.15|Corriente
105856|2904|9457.74|Ahorros
105857|2905|2449.72|Corriente
105858|2905|3053.54|Ahorros
105859|2905|9163.07|Ahorros
105860|2906|2862.64|Corriente
105861|2907|6405.88|Ahorros
105862|2908|1840.93|Corriente
105863|2909|7709.86|Corriente
105864|2909|664.00|Ahorros
105865|2910|7672.30|Corriente
105866|2910|7074.33|Corriente
105867|2911|2581.92|Ahorros
105868|2911|6408.54|Corriente
105869|2911|9667.01|Corriente
105870|2912|5147.77|Corriente
105871|2912|2760.61|Ahorros
105872|2913|4148.27|Corriente
105873|2913|8046.11|Ahorros
105874|2913|1539.74|Corriente
105875|2914|7940.70|Corriente
105876|2914|8998.36|Ahorros
105877|2914|4906.67|Corriente
105878|2915|2027.99|Ahorros
105879|2916|6135.52|Corriente
105880|2917|9423.16|Ahorros
105881|2918|2604.66|Corriente
105882|2918|5911.79|Ahorros
105883|2919|8424.78|Ahorros
105884|2919|1815.64|Ahorros
105885|2920|5521.29|Ahorros
105886|2921|6785.45|Corriente
105887|2921|3669.54|Corriente
105888|2921|7467.87|Corriente
105889|2922|6057.19|Corriente
105890|2922|2713.50|Ahorros
105891|2922|4890.36|Corriente
105892|2923|9633.95|Ahorros
105893|2923|2559.94|Ahorros
105894|2924|8995.43|Corriente
105895|2924|8769.04|Ahorros
105896|2924|1984.73|Ahorros
105897|2925|4723.94|Ahorros
105898|2925|346.95|Ahorros
105899|2925|8976.58|Ahorros
105900|2926|3753.20|Ahorros
105901|2926|5837.25|Ahorros
105902|2926|4086.83|Ahorros
105903|2927|3132.85|Corriente
105904|2927|7434.60|Ahorros
105905|2927|3390.86|Corriente
105906|2928|2190.29|Ahorros
105907|2929|4806.21|Corriente
105908|2929|6093.50|Ahorros
105909|2930|7224.42|Corriente
105910|2930|2068.07|Ahorros
105911|2930|8447.78|Ahorros
105912|2931|2873.06|Ahorros
105913|2931|6139.54|Ahorros
105914|2932|3020.74|Corriente
105915|2932|951.50|Corriente
105916|2933|5029.17|Ahorros
105917|2933|543.34|Ahorros
105918|2934|3351.83|Corriente
105919|2935|6336.31|Corriente
105920|2935|641.03|Corriente
105921|2936|681.99|Corriente
105922|2936|4210.61|Ahorros
105923|2936|2081.22|Corriente
105924|2937|6969.60|Corriente
105925|2938|3694.07|Ahorros
105926|2939|4292.30|Ahorros
105927|2940|7239.06|Ahorros
105928|2940|5957.02|Corriente
105929|2941|7339.60|Corriente
105930|2942|5196.58|Ahorros
105931|2942|409.42|Corriente
105932|2943|9849.98|Ahorros
105933|2943|4877.26|Ahorros
105934|2944|9950.47|Corriente
105935|2945|7470.75|Ahorros
105936|2945|4816.12|Ahorros
105937|2945|6786.68|Ahorros
105938|2946|3682.06|Corriente
105939|2947|9236.53|Corriente
105940|2947|6168.02|Ahorros
105941|2948|8790.33|Ahorros
105942|2948|2119.60|Ahorros
105943|2948|6237.36|Corriente
105944|2949|2616.58|Ahorros
105945|2949|7012.16|Corriente
105946|2950|5725.36|Ahorros
105947|2950|7043.01|Corriente
105948|2950|7631.30|Ahorros
105949|2951|3218.53|Ahorros
105950|2952|1482.62|Corriente
105951|2952|7922.42|Ahorros
105952|2953|6489.49|Corriente
105953|2953|6702.86|Corriente
105954|2954|2629.93|Ahorros
105955|2955|1366.40|Ahorros
105956|2955|5249.66|Ahorros
105957|2955|588.39|Ahorros
105958|2956|8202.78|Ahorros
105959|2956|452.91|Ahorros
105960|2957|4607.01|Corriente
105961|2957|5526.35|Ahorros
105962|2958|5538.85|Corriente
105963|2958|7463.30|Ahorros
105964|2959|1307.09|Ahorros
105965|2959|9761.30|Ahorros
105966|2959|6075.91|Corriente
105967|2960|4649.17|Ahorros
105968|2960|5746.39|Ahorros
105969|2961|6715.83|Corriente
105970|2961|1000.42|Corriente
105971|2961|3277.82|Ahorros
105972|2962|128.97|Ahorros
105973|2963|7093.79|Corriente
105974|2963|68.08|Corriente
105975|2963|1048.96|Corriente
105976|2964|4694.11|Corriente
105977|2964|1471.15|Corriente
105978|2965|8615.79|Corriente
105979|2965|9870.44|Corriente
105980|2965|8648.78|Corriente
105981|2966|8310.28|Ahorros
105982|2966|7735.01|Ahorros
105983|2967|2394.41|Ahorros
105984|2967|3403.70|Ahorros
105985|2967|2275.02|Corriente
105986|2968|6919.56|Ahorros
105987|2968|1596.30|Corriente
105988|2969|7423.80|Corriente
105989|2970|5712.53|Ahorros
105990|2970|2293.27|Corriente
105991|2970|7581.02|Ahorros
105992|2971|5366.76|Ahorros
105993|2972|2565.41|Ahorros
105994|2973|4225.19|Corriente
105995|2974|3351.76|Corriente
105996|2974|732.13|Corriente
105997|2974|3521.68|Corriente
105998|2975|3444.31|Ahorros
105999|2976|1797.84|Corriente
106000|2977|4534.04|Ahorros
106001|2977|8170.82|Ahorros
106002|2978|2445.80|Ahorros
106003|2978|8837.09|Corriente
106004|2978|447.75|Corriente
106005|2979|8487.41|Corriente
106006|2979|5126.64|Ahorros
106007|2979|5652.96|Ahorros
106008|2980|987.84|Corriente
106009|2981|3677.25|Ahorros
106010|2981|5010.83|Corriente
106011|2982|2791.88|Corriente
106012|2982|4526.23|Ahorros
106013|2983|2938.04|Corriente
106014|2983|8984.89|Ahorros
106015|2984|8954.66|Corriente
106016|2984|3352.15|Corriente
106017|2985|8747.66|Ahorros
106018|2985|1180.96|Ahorros
106019|2986|8313.58|Corriente
106020|2987|7733.36|Corriente
106021|2987|3595.30|Corriente
106022|2987|50.56|Corriente
106023|2988|7013.51|Ahorros
106024|2988|8377.52|Ahorros
106025|2989|1295.81|Ahorros
106026|2989|1159.94|Corriente
106027|2989|8546.23|Ahorros
106028|2990|1452.48|Corriente
106029|2990|7630.78|Corriente
106030|2991|979.49|Corriente
106031|2992|5437.43|Corriente
106032|2992|2042.12|Corriente
106033|2992|6140.43|Ahorros
106034|2993|7767.24|Corriente
106035|2993|5718.12|Corriente
106036|2993|5482.14|Ahorros
106037|2994|8658.87|Corriente
106038|2994|8749.06|Ahorros
106039|2995|7174.02|Corriente
106040|2995|8513.57|Ahorros
106041|2996|5599.29|Corriente
106042|2996|3430.60|Ahorros
106043|2997|5246.46|Corriente
106044|2997|3755.85|Ahorros
106045|2998|5331.82|Corriente
106046|2999|5596.18|Corriente
106047|3000|1291.60|Corriente
106048|3000|2860.48|Corriente
106049|3000|7740.91|Corriente
